2 0.9638227292915833 0.38178714190539637 0.006245836109260475 0.023942371752165237
2 0.7983080723961802 0.5764490339773484 0.012491672218521075 0.0072868087941372625
2 0.8052478902953586 0.6425507994670219 0.005551854319342658 0.014573617588274525
2 0.8628483788585386 0.7050091605596268 0.005551854319342658 0.024983344437041963
2 0.8756870419720186 0.808065456362425 0.006245836109260475 0.01873750832778152
2 0.9738854652453918 0.9256953697534975 0.005551854319342658 0.016655562958027975
2 0.9204488674217188 0.050757828114590266 0.009715745058849683 0.026024317121918713
2 0.10120336442371751 0.43799966688874087 0.011797690428603149 0.011450699533644257
2 0.08073090162114145 0.3609676882078614 0.012491672218520981 0.01145069953364421
3 0.23132495003331108 0.3411892071952032 0.06384632467244057 0.07599100599600261
3 0.48428131245836104 0.37085692871419046 0.38099600266489 0.7411725516322452
2 0.8621543970686208 0.7325949367088607 0.011103708638685317 0.013532644903397801
2 0.8722171330224294 0.7528939040639573 0.009021763268931867 0.018737508327781427
2 0.8166985898290028 0.6493171219187208 0.013185654008438767 0.0072868087941372625
