1 0.15498695314234953 0.064290473017988 0.048578725294248296 0.05517155229846768
3 0.3015350877192982 0.498766447368421 0.6041666666666666 0.9991776315789473
2 0.8836678325560736 0.5863382744836775 0.011103708638685317 0.024983344437042056
2 0.9371044303797468 0.9569245502998 0.005551854319342658 0.027065289806795415
2 0.7056615034421495 0.12154397068620916 0.017349544747945794 0.011450699533644233
2 0.9138560404174993 0.028897401732178547 0.011797690428603133 0.007286808794137245
2 0.5665181545636241 0.033061292471685544 0.011103708638685317 0.009368754163890743
2 0.9929699644681322 0.2183544303797468 0.004857872529424717 0.013532644903397754
2 0.9697215745058849 0.49317121918720846 0.00832778147901405 0.0176965356429047
2 0.9412683211192536 0.432794803464357 0.016655562958027975 0.015614590273151251
