6 0.4259868421052631 0.4010451365756162 0.5378358871863201 0.7515822784810127
3 0.08754357849752586 0.2094403677462888 0.1761836482231219 0.42052547233468285
3 0.24592330184435446 0.5488571187584345 0.3219185784975258 0.4164558029689608
3 0.7184758771929824 0.498766447368421 0.5608552631578947 0.9991776315789473
2 0.01367838107928048 0.607626165889407 0.007633799689096158 0.021860426382411695
2 0.0827295691761048 0.6263636742171884 0.012491672218520981 0.013532644903397707
2 0.09244531423495447 0.6768508494337108 0.009715745058849668 0.01873750832778152
2 0.09903814123917387 0.7601286642238507 0.011797690428603165 0.024983344437041963
2 0.01367838107928048 0.6976703031312458 0.007633799689096158 0.014573617588274431
2 0.017495280923828557 0.8309148067954696 0.008327781479013988 0.014573617588274525
2 0.01367838107928048 0.8683898234510327 0.007633799689096158 0.014573617588274338
2 0.16774233844103928 0.8444474516988673 0.010409726848767469 0.014573617588274431
2 0.5976640572951365 0.978732928047968 0.009715745058849683 0.020819453697534875
2 0.5716397401732177 0.9521881245836107 0.007633799689096233 0.013532644903397614
2 0.5091813790806129 0.8657873917388407 0.009021763268931804 0.0176965356429047
2 0.3971033200088829 0.9542700699533644 0.008327781479013988 0.015614590273151251
2 0.31937735953808566 0.9542700699533644 0.008327781479013988 0.015614590273151251
2 0.27322757050854984 0.9308481845436375 0.009021763268931835 0.016655562958027975
2 0.3061917055296469 0.8777585776149232 0.008327781479013988 0.018737508327781614
2 0.02755801687763713 0.9740485509660225 0.009021763268931823 0.0176965356429047
2 0.08099461470131022 0.9865402231845436 0.006245836109260491 0.011450699533644351
2 0.1101418498778592 0.9074262991339108 0.006245836109260491 0.011450699533644164
2 0.17433516544525868 0.9886221685542972 0.008327781479013988 0.009368754163890713
2 0.1847448922940262 0.967802714856762 0.008327781479013988 0.01769653564290489
2 0.400920219853431 0.9854992504996668 0.0104097268487675 0.015614590273151251
2 0.438395236508994 0.9860197368421052 0.011797690428603133 0.016655562958027975
2 0.42486259160559625 0.9875811958694203 0.011103708638685317 0.011450699533644351
2 0.4102889740173218 0.9709256329113923 0.008327781479013988 0.013532644903397801
2 0.36101626693315564 0.9870607095269819 0.006939817899178354 0.010409726848767625
2 0.34852459471463465 0.9188769986675549 0.009715745058849683 0.015614590273151251
2 0.2208319453697535 0.9834173051299132 0.01526759937819231 0.01769653564290489
2 0.06364506995336441 0.47125874417055286 0.010409726848767484 0.019778481012658243
2 0.026170053297801463 0.5290327281812124 0.014573617588274483 0.01873750832778152
2 0.6628983455474127 0.9292867255163224 0.006939817899178292 0.013532644903397801
2 0.309661614479236 0.9563520153231178 0.009715745058849683 0.013532644903397801
2 0.007283834586466165 0.9553998632946 0.008544087491455911 0.022428229665071752
2 0.10088431305536569 0.9910287081339711 0.012047163362952838 0.014653110047846838
2 0.5228576248313089 0.1624493927125506 0.02108636977058029 0.02741228070175439
