6 0.4277217965800577 0.4000041638907395 0.5426937597157451 0.753664223850766
3 0.7291666666666666 0.498766447368421 0.5372807017543859 0.9991776315789473
3 0.07721935376415721 0.2063572201865423 0.1555351987563846 0.41435917721518983
3 0.25224921277552853 0.5425312078272604 0.32473009446693657 0.40591261808367063
2 0.065380024428159 0.4738611758827448 0.011103708638685317 0.018737508327781427
2 0.0827295691761048 0.6248022151898733 0.011103708638685317 0.016655562958027975
2 0.014025371974239396 0.6976703031312458 0.009715745058849654 0.016655562958027975
2 0.0952212413946258 0.6789327948034642 0.008327781479014003 0.018737508327781427
2 0.10042610481900954 0.7627310959360425 0.011797690428603165 0.02602431712191869
2 0.017495280923828557 0.8329967521652231 0.011103708638685317 0.016655562958027975
2 0.014719353764157228 0.8715127415056628 0.011103708638685319 0.018737508327781427
2 0.16878331112591602 0.8475703697534976 0.011103708638685317 0.016655562958027975
2 0.028251998667554963 0.9761304963357761 0.007633799689096155 0.015614590273151251
2 0.08238257828114588 0.989663141239174 0.00902176326893182 0.009368754163890713
2 0.27565650677326226 0.9318891572285142 0.009715745058849621 0.016655562958027975
2 0.30896763268931815 0.8787995502998001 0.009715745058849621 0.016655562958027975
2 0.31243754163890736 0.9563520153231178 0.009715745058849683 0.0176965356429047
2 0.363445203197868 0.9875811958694203 0.007633799689096171 0.011450699533644351
2 0.3998792471685543 0.9584339606928712 0.006939817899178292 0.015614590273151251
2 0.40404313790806123 0.9881016822118587 0.011103708638685317 0.014573617588274525
2 0.42763851876526754 0.9901836275816122 0.013879635798356646 0.008327781479013988
2 0.6018279480346436 0.9813353597601597 0.011103708638685317 0.01977848101265815
2 0.5754566400177659 0.9553110426382411 0.009715745058849683 0.013532644903397801
2 0.6670622362869199 0.9324096435709526 0.006939817899178292 0.015614590273151251
2 0.5119573062402841 0.8678693371085942 0.010409726848767438 0.015614590273151251
2 0.413064901176993 0.9724870919387074 0.006939817899178354 0.010409726848767625
2 0.32250027759271593 0.9573929880079945 0.0062458361092605375 0.01977848101265815
2 0.34956556739951145 0.9246023484343769 0.010409726848767438 0.010409726848767438
2 0.11187680435265378 0.9095082445036642 0.011103708638685317 0.013532644903397614
2 0.18647984676882076 0.9704051465689539 0.007633799689096171 0.012491672218521075
2 0.17676410170997112 0.9917450866089274 0.009021763268931804 0.011450699533644164
2 0.22464884521430156 0.9870607095269819 0.011797690428603133 0.016655562958027975
2 0.027905007772596045 0.5342375916055963 0.01110370863868532 0.014573617588274525
2 0.006927830940988836 0.95806989063568 0.012104123946229207 0.02349624060150365
2 0.10214456596035544 0.9936987354750512 0.011719640009113689 0.00931305536568697
2 0.5263720197930724 0.1624493927125506 0.018274853801169548 0.02741228070175439
