6 0.42829086164779034 0.6913724183877414 0.3967077503886298 0.6139656895403065
3 0.13920518443544758 0.33361799932523617 0.27950686009896536 0.665591261808367
3 0.641485537419498 0.4998334443704197 0.7148359427048634 0.99704363757495
3 0.28193179262258194 0.8099485492577596 0.2533597615834454 0.38254892037786764
2 0.15039279369309347 0.9141926215856095 0.01318565400843883 0.022901399067288327
2 0.22291389073950696 0.8845249000666221 0.006939817899178323 0.01769653564290489
2 0.0803006329113924 0.9521881245836107 0.007633799689096155 0.011450699533644164
2 0.07509576948700865 0.9834173051299132 0.008327781479013988 0.011450699533644164
2 0.09903814123917387 0.9490652065289805 0.006245836109260506 0.011450699533644164
2 0.026170053297801463 0.9667617421718853 0.009021763268931823 0.015614590273151251
2 0.03831473462136353 0.9219999167221851 0.006939817899178323 0.01977848101265815
2 0.08793443260048854 0.8454884243837439 0.010409726848767484 0.010409726848767438
2 0.054970297579391515 0.746596019320453 0.011103708638685317 0.02081945369753497
2 0.0803006329113924 0.7195307295136575 0.013185654008438814 0.016655562958027975
2 0.09765017765933821 0.7720998500999333 0.009021763268931835 0.021860426382411695
2 0.03692677104152787 0.7112029480346436 0.005551854319342658 0.014573617588274525
2 0.0504594159449256 0.6685230679546967 0.010409726848767493 0.010409726848767531
2 0.1510867754830113 0.8043700033311125 0.009021763268931835 0.013532644903397707
2 0.15490367532755941 0.8434064790139905 0.006939817899178323 0.01665556295802788
2 0.19723656451254717 0.9901836275816122 0.009715745058849683 0.008327781479013988
2 0.3713872019793072 0.13450995276653172 0.009137426900584774 0.01581477732793522
2 0.5435925551057129 0.5282979082321186 0.014760458839406198 0.016869095816464272
2 0.028030814215024742 0.437099358974359 0.01265182186234818 0.017923414304993182
2 0.012216036887089518 0.5240806342780027 0.009137426900584793 0.010543184885290146
2 0.03259952766531714 0.545167004048583 0.007731668915879441 0.01897773279352228
2 0.14962887989203777 0.6801197705802968 0.008434547908232105 0.01897773279352228
