6 0.4773414945591827 0.7138574283810791 0.47121363535420824 0.5111175882744836
3 0.1371337377645672 0.474580781615675 0.27380944754778863 0.6071812167956405
3 0.025212358427714847 0.11061375749500331 0.04857872529424827 0.06662225183211193
3 0.5896381578947368 0.498766447368421 0.8185307017543859 0.9991776315789473
2 0.037967743726404615 0.8954551132578281 0.00902176326893182 0.014573617588274525
2 0.09140434155007772 0.8824429546968686 0.006245836109260491 0.013532644903397801
2 0.13477820341994226 0.8777585776149234 0.011103708638685332 0.016655562958027975
2 0.11569370419720186 0.9126311625582944 0.010409726848767484 0.02602431712191869
2 0.16080252054186098 0.92043845769487 0.006245836109260506 0.018737508327781427
2 0.21666805463024646 0.9308481845436375 0.009715745058849652 0.012491672218521075
2 0.22915972684876745 0.9683232011992005 0.008327781479013988 0.016655562958027975
2 0.16547995780590713 0.9927079863424383 0.01004885631801023 0.011294553630912748
3 0.35134812190733244 0.8513621794871794 0.2698914754835807 0.2939861673414305
2 0.5523785425101214 0.5156460863697705 0.01546333783175893 0.01897773279352228
2 0.31093960863697706 0.19935053981106612 0.009137426900584774 0.01476045883940619
2 0.0680949167791273 0.15348768556005396 0.014057579847053527 0.020032051282051287
2 0.03541104363472784 0.6263495276653172 0.009137426900584793 0.01476045883940626
2 0.28598740440845705 0.7628837719298245 0.008434547908232165 0.015814777327935264
2 0.3654127305443095 0.9537154183535762 0.011246063877642784 0.011597503373819245
2 0.1932073774179037 0.8108552631578947 0.009840305892937475 0.014760458839406167
2 0.09761583445793971 0.8403761808367071 0.009840305892937475 0.012651821862348249
2 0.03646536212325686 0.7154394399460188 0.0070287899235267634 0.00948886639676114
2 0.05825461088618983 0.7254554655870445 0.0070287899235267634 0.014760458839406167
2 0.1626321412505623 0.7539220647773278 0.013354700854700858 0.01476045883940626
2 0.17668972109761583 0.7433788798920378 0.006325910931174093 0.012651821862348155
