6 0.3100918831889851 0.719062291805463 0.4712136353542083 0.5027898067954696
3 0.05345394736842105 0.627435475708502 0.10800438596491227 0.32888410931174084
3 0.4999132522762602 0.4984125166555629 0.9979805129913392 0.9998854930046636
2 0.06164640239840106 0.9272568287808127 0.009021763268931835 0.009368754163890713
2 0.009122390628469906 0.9916930379746834 0.008071008216744398 0.013324450366422455
2 0.003962636020430823 0.9193974850099933 0.007633799689096158 0.018737508327781427
2 0.038661725516322444 0.8080134077281811 0.010409726848767484 0.014573617588274431
3 0.18052744039586144 0.8608510458839406 0.25298020692757534 0.27500843454790824
2 0.3959879667116509 0.5167004048582995 0.010543184885290177 0.023195006747638303
2 0.20339912280701752 0.18248144399460187 0.009137426900584805 0.014760458839406214
2 0.15490047233468285 0.19829622132253708 0.007731668915879434 0.016869095816464223
2 0.12959682860998648 0.7618294534412955 0.00913742690058479 0.015814777327935264
2 0.18336707152496626 0.9004723346828609 0.009840305892937443 0.01476045883940626
2 0.14611448493027437 0.973220310391363 0.0070287899235267634 0.016869095816464272
2 0.12151372019793072 0.9247216599190283 0.011246063877642815 0.01054318488529024
