6 0.2694939484787919 0.6716980346435709 0.4205529646902065 0.5954363757495003
3 0.5394702143015767 0.4998334443704197 0.9188665889407062 0.99704363757495
3 0.05770841162871475 0.4671404960795367 0.11495879527608374 0.5735631373955824
2 0.008556795469686873 0.7893279480346436 0.00971574505884966 0.014573617588274525
2 0.0154966133688652 0.8981095936042638 0.008327781479013988 0.0176965356429047
2 0.015149622473906284 0.8325283144570287 0.006245836109260491 0.015614590273151345
2 0.39247357174988756 0.4813807354925776 0.011948942869995455 0.03057523616734143
2 0.24311178587494378 0.10498903508771931 0.011246063877642815 0.013706140350877185
2 0.19531601439496174 0.10815199055330632 0.0070287899235267634 0.01792341430499325
2 0.09621007647323436 0.6474358974358974 0.009840305892937475 0.016869095816464272
2 0.08812696806117858 0.8540823211875843 0.00913742690058479 0.01897773279352228
2 0.13275978407557354 0.7992577597840754 0.009840305892937459 0.012651821862348155
3 0.14435728744939272 0.7771170715249661 0.2509278002699055 0.33738191632928466
