6 0.49989590273151224 0.6961608927381745 0.40250943815234286 0.5985592938041304
3 0.16942898110661267 0.3305710188933873 0.33995445344129555 0.6611420377867746
3 0.3727850414538455 0.7927769040724986 0.2664069751219985 0.3440177168212643
3 0.6571001276926492 0.4998334443704197 0.683606762158561 0.99704363757495
2 0.127491394625805 0.684137658227848 0.010409726848767484 0.010409726848767531
2 0.06433905174328225 0.7200512158560959 0.007633799689096155 0.009368754163890713
2 0.1167346768820786 0.7252560792804796 0.005551854319342658 0.011450699533644257
2 0.17329419276038194 0.8527752331778814 0.010409726848767469 0.010409726848767438
2 0.23228264490339773 0.8054109760159893 0.009021763268931835 0.015614590273151251
2 0.2385284810126582 0.910549217188541 0.007633799689096171 0.015614590273151251
2 0.12818537641572283 0.9324096435709526 0.007633799689096155 0.015614590273151251
2 0.23714051743282252 0.8460089107261825 0.006245836109260475 0.013532644903397801
2 0.020618198978458804 0.9303276982011991 0.009021763268931823 0.015614590273151251
2 0.029639962247390628 0.971966605596269 0.00902176326893182 0.0176965356429047
2 0.0504594159449256 0.9219999167221851 0.009021763268931829 0.015614590273151251
2 0.1444939484787919 0.7252560792804796 0.006939817899178323 0.0072868087941372625
2 0.04004968909615811 0.9901836275816122 0.00902176326893182 0.0062458361092605375
2 0.16670136575616254 0.9875811958694203 0.008327781479013988 0.009368754163890899
2 0.11951060404174993 0.9750895236508992 0.008327781479013988 0.015614590273151251
2 0.04525455252054186 0.9480242338441038 0.00971574505884966 0.013532644903397801
2 0.053235343104596926 0.9782124417055296 0.010409726848767493 0.011450699533644351
2 0.07162586053741948 0.928766239173884 0.006939817899178323 0.014573617588274525
2 0.0803006329113924 0.9095082445036642 0.007633799689096155 0.015614590273151064
2 0.17711109260493002 0.7809481179213857 0.008327781479013988 0.022901399067288514
2 0.135819176104819 0.7596081778814122 0.009021763268931835 0.023942371752165147
2 0.15837358427714857 0.7309814290473018 0.013879635798356646 0.016655562958027975
2 0.2232608816344659 0.6846581445702864 0.0104097268487675 0.017696535642904795
2 0.0397026982011992 0.7596081778814122 0.009715745058849652 0.017696535642904795
2 0.28814817899178324 0.9844582778147901 0.009715745058849683 0.015614590273151251
2 0.10354902287363979 0.9053443537641571 0.006939817899178323 0.015614590273151251
2 0.1708652564956695 0.9589544470353096 0.009715745058849652 0.012491672218520888
2 0.6117718173639226 0.5035214237516868 0.010543184885290177 0.024249325236167307
2 0.41777721547458385 0.13029267881241563 0.007731668915879496 0.01581477732793522
2 0.18899010346378767 0.015371963562753036 0.015463337831758898 0.01792341430499325
2 0.09410143949617633 0.4587128879892038 0.014057579847053527 0.016869095816464178
2 0.10464462438146648 0.5636175775978407 0.005623031938821423 0.017923414304993276
2 0.20023616734143046 0.624240890688259 0.009840305892937475 0.016869095816464178
2 0.215348065677013 0.616860661268556 0.006325910931174093 0.01476045883940626
2 0.08355825461088619 0.547275641025641 0.00843454790823212 0.010543184885290146
2 0.306722334682861 0.872532894736842 0.009137426900584836 0.020032051282051287
2 0.31445400359874043 0.6648321524966262 0.010543184885290177 0.01581477732793517
2 0.3517065901934323 0.8171811740890688 0.011948942869995455 0.014760458839406167
2 0.2708755060728745 0.7607751349527665 0.011948942869995486 0.022140688259109295
