6 0.6050341439040638 0.7060501332445036 0.3171496779924494 0.5829447035309794
3 0.47819019869944246 0.7764028041134969 0.2383451986425005 0.31350680742752696
3 0.24854504048582993 0.31065494264507415 0.49380060728744934 0.6229546221322536
3 0.7684842049744615 0.4998334443704197 0.4608386075949367 0.99704363757495
2 0.06468604263824117 0.6976703031312458 0.009715745058849652 0.014573617588274431
2 0.033109871196979786 0.8715127415056628 0.011797690428603149 0.016655562958027975
2 0.06850294248278925 0.779907145236509 0.00902176326893182 0.010409726848767531
2 0.11291777703753053 0.7840710359760159 0.007633799689096155 0.01665556295802807
2 0.1403300577392849 0.7851120086608926 0.009715745058849652 0.012491672218520981
2 0.24095741727737063 0.6638386908727515 0.009715745058849652 0.019778481012658243
2 0.2673287252942482 0.6424987508327781 0.008327781479013988 0.016655562958027975
2 0.27773845214301573 0.6976703031312458 0.009715745058849652 0.016655562958027975
2 0.3277051410170997 0.7403501832111925 0.009715745058849621 0.014573617588274525
2 0.32666416833222295 0.7809481179213857 0.009021763268931867 0.010409726848767531
2 0.31729541416833223 0.8413245336442371 0.009715745058849621 0.014573617588274431
2 0.264205807239618 0.7648130413057961 0.009021763268931835 0.011450699533644257
2 0.35268848545414166 0.9303276982011991 0.011103708638685317 0.015614590273151251
2 0.23956945369753496 0.8902502498334443 0.008327781479013988 0.012491672218521075
2 0.2100752276260271 0.8225870253164557 0.006245836109260506 0.016655562958027975
2 0.16878331112591607 0.7845915223184542 0.006939817899178323 0.013532644903397707
2 0.19064373750832775 0.7897963857428381 0.006245836109260475 0.011450699533644164
2 0.19203170108816342 0.7262970519653563 0.0104097268487675 0.015614590273151157
2 0.15872057517210747 0.7996856262491671 0.006245836109260475 0.012491672218520981
2 0.11326476793248945 0.8283123750832777 0.008327781479013988 0.015614590273151251
2 0.07197285143237842 0.8137387574950032 0.006245836109260491 0.015614590273151251
2 0.07648373306684432 0.8288328614257162 0.011103708638685317 0.010409726848767531
2 0.07127886964246057 0.8652669053964023 0.010409726848767484 0.012491672218521075
2 0.09140434155007772 0.934491588940706 0.010409726848767484 0.023942371752165237
2 0.04803047968021319 0.9365735343104596 0.006939817899178331 0.015614590273151251
2 0.04004968909615811 0.9532290972684876 0.010409726848767484 0.015614590273151251
2 0.07821868754163888 0.9501061792138572 0.00902176326893182 0.011450699533644164
2 0.13686014878969574 0.9355325616255827 0.006939817899178339 0.011450699533644164
2 0.13061431268043525 0.8912912225183209 0.008327781479013988 0.016655562958027975
2 0.11916361314679101 0.8496523151232512 0.007633799689096155 0.010409726848767438
2 0.1958486009327115 0.8626644736842105 0.008327781479013988 0.011450699533644164
2 0.16392543859649122 0.917836025982678 0.008327781479013988 0.009368754163890713
2 0.1101418498778592 0.9714461192538307 0.00902176326893182 0.012491672218521075
2 0.18231595602931377 0.9823763324450365 0.007633799689096171 0.013532644903397801
2 0.206258327781479 0.9240818620919385 0.008327781479013988 0.013532644903397801
2 0.23367060848323337 0.9730075782811458 0.006245836109260506 0.013532644903397801
2 0.24199838996224735 0.9704051465689539 0.006245836109260506 0.016655562958027975
2 0.2211789362647124 0.9527086109260493 0.00763379968909614 0.016655562958027975
2 0.21354513657561625 0.9849787641572285 0.011797690428603133 0.012491672218520888
2 0.4262505551854319 0.9027419220519654 0.006939817899178354 0.014573617588274525
2 0.28086137019764595 0.8876478181212523 0.010409726848767469 0.009368754163890713
2 0.2465092715967133 0.8642259327115256 0.009715745058849652 0.010409726848767625
2 0.30133383300022204 0.9527086109260493 0.005551854319342658 0.012491672218520888
2 0.22950671774372639 0.6237612425049966 0.009021763268931835 0.014573617588274431
2 0.6117718173639226 0.16139507422402158 0.010543184885290177 0.014760458839406214
2 0.7386414754835807 0.5820681511470985 0.011246063877642846 0.023195006747638396
2 0.24768049932523611 0.35960695006747634 0.011948942869995486 0.012651821862348155
2 0.24662618083670712 0.587866902834008 0.012651821862348155 0.00948886639676114
2 0.3429206027890238 0.5551830296896085 0.008434547908232105 0.011597503373819151
2 0.10710470085470085 0.3917636639676113 0.00913742690058479 0.01581477732793522
2 0.06458052181736391 0.26471828609986503 0.009840305892937475 0.016869095816464223
2 0.046305668016194325 0.4202302631578947 0.009840305892937468 0.022140688259109295
2 0.007295883940620781 0.437099358974359 0.009137426900584793 0.01581477732793517
2 0.18090699505173188 0.6010458839406208 0.007731668915879434 0.014760458839406167
2 0.32745726495726496 0.5562373481781376 0.009840305892937506 0.020032051282051287
2 0.2262426900584795 0.441316632928475 0.009840305892937475 0.011597503373819151
2 0.24205746738641473 0.4671474358974358 0.006325910931174093 0.014760458839406167
2 0.09972447143499774 0.5393682523616734 0.009840305892937475 0.011597503373819151
2 0.10605038236617183 0.45713141025641024 0.009840305892937475 0.013706140350877161
2 0.0874240890688259 0.3712044534412955 0.007731668915879434 0.014760458839406214
2 0.05966036887089518 0.31901568825910925 0.011246063877642824 0.01581477732793522
2 0.052983018443544756 0.43815367746288797 0.00913742690058479 0.01581477732793517
2 0.08988416554206027 0.1287112010796221 0.00843454790823212 0.023195006747638323
