6 0.8718874916722184 0.7038640906062624 0.2540320341994226 0.5889823451032645
5 0.11230707306240283 0.15225266489007327 0.1172829224961137 0.11242504996668888
3 0.5146901709401709 0.3064376686909582 0.549117183985605 0.6145200742240216
3 0.8843791638907393 0.22094124750166552 0.2290486897623807 0.44134118920719523
3 0.764199668169938 0.7759223551820154 0.2426870334307044 0.3271195271528382
2 0.07891266933155673 0.6419782644903397 0.017349544747945807 0.0176965356429047
2 0.1719062291805463 0.5914910892738174 0.009021763268931835 0.012491672218520981
2 0.11916361314679101 0.5555775316455696 0.00902176326893182 0.011450699533644164
2 0.16184349322673772 0.5326761325782812 0.005551854319342658 0.011450699533644257
2 0.20035948256717742 0.3312479180546302 0.009021763268931835 0.012491672218520981
2 0.020618198978458804 0.0798530146568954 0.009021763268931823 0.011450699533644233
2 0.11638768598711968 0.6523879913391072 0.006245836109260491 0.013532644903397707
2 0.10007911392405061 0.6752893904063957 0.008327781479014003 0.009368754163890713
2 0.06086914279369309 0.6617567455029979 0.00902176326893182 0.009368754163890713
2 0.10112008660892736 0.700793221185876 0.007633799689096155 0.012491672218520981
2 0.06468604263824117 0.7736613091272484 0.008327781479013988 0.018737508327781427
2 0.15420969353764152 0.7450345602931379 0.006939817899178323 0.015614590273151251
2 0.16531340217632684 0.738268237841439 0.006939817899178323 0.012491672218520981
2 0.21528009105041082 0.756485259826782 0.005551854319342658 0.015614590273151251
2 0.3408907950255385 0.6914244670219852 0.008327781479013988 0.018737508327781427
2 0.2281187541638907 0.6445806962025316 0.009021763268931835 0.010409726848767531
2 0.5414515323117921 0.7570057461692205 0.009715745058849621 0.010409726848767438
2 0.6046038751943148 0.7315019153897401 0.00832778147901405 0.013532644903397707
2 0.5910712302909171 0.8345582111925381 0.011797690428603133 0.017696535642904607
2 0.6025219298245613 0.7720998500999333 0.009715745058849683 0.013532644903397707
2 0.5535962136353542 0.6914244670219852 0.007633799689096171 0.022901399067288514
2 0.5168151787697091 0.6581133411059293 0.0104097268487675 0.018737508327781427
2 0.5449214412613813 0.6372938874083943 0.011103708638685317 0.016655562958027975
2 0.5168151787697091 0.8819224683544304 0.007633799689096171 0.008327781479013988
2 0.520979069509216 0.8553776648900732 0.007633799689096171 0.011450699533644351
2 0.48662697090828333 0.8168616755496334 0.006939817899178354 0.015614590273151157
2 0.38946952031978677 0.7767842271818786 0.01249167221852095 0.01873750832778152
2 0.4179227737064179 0.779907145236509 0.008327781479013988 0.014573617588274431
2 0.4439470908283366 0.7788661725516322 0.007633799689096171 0.014573617588274525
2 0.39155146568954025 0.8220665389740173 0.006939817899178354 0.013532644903397707
2 0.3506065400843882 0.8054109760159893 0.006939817899178292 0.015614590273151251
2 0.3457486675549633 0.7726203364423717 0.006939817899178292 0.008327781479013988
2 0.2524081168110148 0.8944141405729513 0.011797690428603133 0.014573617588274525
2 0.3724669664667999 0.9246023484343769 0.009021763268931804 0.022901399067288514
2 0.3159074505884965 0.8626644736842105 0.009715745058849683 0.0176965356429047
2 0.22950671774372639 0.9860197368421052 0.011797690428603165 0.016655562958027975
2 0.22256689984454806 0.9329301299133911 0.006245836109260506 0.020819453697535063
2 0.15039279369309347 0.9563520153231178 0.006245836109260475 0.0218604263824116
2 0.07336081501221407 0.9553110426382411 0.007633799689096155 0.0218604263824116
2 0.09903814123917387 0.9167950532978013 0.007633799689096171 0.015614590273151251
2 0.09973212302909171 0.9017009493670886 0.006245836109260506 0.014573617588274338
2 0.16739534754608038 0.8532957195203196 0.008327781479013988 0.019778481012658337
2 0.06711497890295358 0.8074929213857427 0.006245836109260491 0.015614590273151251
2 0.07336081501221407 0.8163411892071951 0.006245836109260491 0.014573617588274431
2 0.05948117921385743 0.9022214357095267 0.00902176326893182 0.011450699533644164
2 0.04560154341550077 0.9771714690206529 0.009021763268931829 0.015614590273151251
2 0.1379011214745725 0.7819890906062624 0.004857872529424842 0.012491672218521075
2 0.13130829447035308 0.8626644736842105 0.005551854319342658 0.009368754163890713
2 0.33291000444148344 0.9261638074616922 0.0062458361092605375 0.01769653564290489
2 0.3242352320675105 0.9412579113924049 0.008327781479013988 0.012491672218520888
2 0.41549383744170554 0.9272047801465689 0.007633799689096171 0.013532644903397614
2 0.44186514545858313 0.9100287308461024 0.0076337996890961084 0.010409726848767438
2 0.4606026537863646 0.9709256329113923 0.006245836109260475 0.013532644903397801
2 0.4102889740173218 0.8814019820119919 0.005551854319342658 0.0176965356429047
2 0.35164751276926487 0.8574596102598266 0.0104097268487675 0.011450699533644351
2 0.39779730179880074 0.8439269653564291 0.011103708638685317 0.011450699533644164
2 0.5105693426604485 0.9636388241172551 0.0076337996890961084 0.013532644903397801
2 0.5192441150344215 0.9594749333777481 0.005551854319342658 0.013532644903397614
2 0.4977306795469687 0.9428193704197202 0.006939817899178354 0.01769653564290489
2 0.48281007106373525 0.9152335942704862 0.009021763268931867 0.012491672218521075
2 0.24755024428159 0.8480908560959359 0.00763379968909614 0.013532644903397801
2 0.12124555851654452 0.8548571785476349 0.006245836109260491 0.014573617588274525
2 0.12645042194092826 0.982896818787475 0.009715745058849652 0.012491672218520888
2 0.41688180102154115 0.9698846602265154 0.009021763268931867 0.009368754163890713
2 0.438395236508994 0.9860197368421052 0.007633799689096171 0.012491672218521075
2 0.47274733510992667 0.8543366922051963 0.009715745058849621 0.011450699533644164
2 0.6264643015767265 0.9167950532978013 0.007633799689096233 0.013532644903397614
2 0.17954002886964243 0.8387221019320452 0.006245836109260475 0.00936875416389062
2 0.39536836553408833 0.9475037475016657 0.007633799689096171 0.008327781479013988
2 0.10493698645347546 0.6310480512991339 0.011103708638685317 0.014573617588274431
2 0.08481151454585831 0.5691101765489672 0.006939817899178323 0.015614590273151251
2 0.08966938707528313 0.5181025149900066 0.009715745058849652 0.011450699533644164
2 0.3506065400843882 0.649265073284477 0.008327781479013988 0.009368754163890713
2 0.28190234288252275 0.7575262325116588 0.006939817899178323 0.01977848101265815
2 0.35928131245836104 0.9391759660226514 0.0104097268487675 0.010409726848767625
2 0.13408422163002442 0.8787995502998001 0.009715745058849652 0.014573617588274525
2 0.14761686653342215 0.8663078780812791 0.007633799689096171 0.018737508327781427
2 0.8816773504273504 0.16403087044534412 0.011948942869995517 0.01581477732793522
2 0.6620276653171389 0.8182354925775978 0.011246063877642846 0.01897773279352228
2 0.38263326585695 0.38280195681511464 0.011948942869995517 0.012651821862348202
2 0.3636555330634278 0.36698717948717946 0.007731668915879434 0.018977732793522235
2 0.5288320962663068 0.35697115384615385 0.011948942869995517 0.013706140350877208
2 0.5211004273504273 0.4587128879892038 0.006325910931174093 0.014760458839406167
2 0.6061487854251013 0.5488571187584345 0.009137426900584836 0.013706140350877161
2 0.6226664417453891 0.54832995951417 0.009840305892937506 0.012651821862348155
2 0.45924707602339176 0.5957742914979757 0.009137426900584836 0.016869095816464272
2 0.27860717498875387 0.41285003373819157 0.009137426900584774 0.01581477732793522
2 0.3418662843004948 0.25944669365721995 0.011948942869995517 0.018977732793522235
2 0.26068376068376065 0.5810138326585695 0.011246063877642815 0.012651821862348155
2 0.33554037336932074 0.3153255735492578 0.007731668915879434 0.016869095816464223
2 0.32323999100314893 0.4154858299595141 0.008434547908232105 0.021086369770580243
2 0.24240890688259106 0.544112685560054 0.0070287899235267634 0.012651821862348155
2 0.3791188708951867 0.5388410931174088 0.010543184885290114 0.02108636977058029
2 0.5239119433198379 0.583649628879892 0.010543184885290114 0.011597503373819151
2 0.5063399685110211 0.437099358974359 0.009137426900584836 0.00948886639676114
2 0.8496963562753036 0.1650851889338731 0.014057579847053527 0.013706140350877185
2 0.830367183985605 0.3480094466936572 0.007731668915879496 0.023195006747638348
