6 0.7837969131689984 0.8881162558294471 0.1528009105041084 0.22047801465689543
5 0.24624555851654448 0.39688124583610923 0.07425605152120811 0.0707861425716189
3 0.37680657695439507 0.4988701442627992 0.7503791987677729 0.9971989827294623
3 0.8881016644174539 0.50290991902834 0.22160368870895183 0.9908906882591092
2 0.3849586386853208 0.9381349933377747 0.006245836109260475 0.016655562958027975
2 0.4054311014878969 0.945421802131912 0.006939817899178292 0.012491672218521075
2 0.3506065400843882 0.9610363924050631 0.011103708638685317 0.010409726848767438
2 0.31556045969353763 0.9839377914723517 0.006245836109260475 0.012491672218520888
2 0.13720713968465464 0.9724870919387074 0.007633799689096155 0.012491672218521075
2 0.0803006329113924 0.6893425216522319 0.00902176326893182 0.01665556295802807
2 0.06295108816344659 0.7257765656229179 0.00902176326893182 0.014573617588274431
2 0.07544276038196755 0.7871939540306462 0.006245836109260491 0.012491672218520981
2 0.1267974128358872 0.8491318287808127 0.006245836109260491 0.0176965356429047
2 0.12402148567621585 0.8756766322451698 0.007633799689096155 0.014573617588274525
2 0.029986953142349542 0.6648796635576282 0.011103708638685317 0.013532644903397707
2 0.024088107928047966 0.442111508994004 0.015961581168110146 0.013532644903397707
2 0.2822493337774816 0.5456882911392404 0.0104097268487675 0.016655562958027975
2 0.4075130468576504 0.514459110592938 0.009715745058849621 0.012491672218520981
2 0.3738549300466355 0.6008598434377082 0.007633799689096171 0.012491672218520981
2 0.4141058738618698 0.607626165889407 0.004857872529424842 0.013532644903397707
2 0.4255565733955141 0.6274046469020652 0.008327781479013988 0.011450699533644257
2 0.3370738951809904 0.6190768654230512 0.006245836109260475 0.013532644903397707
2 0.3658741394625805 0.6424987508327781 0.008327781479013988 0.010409726848767438
2 0.08481151454585831 0.6570723684210525 0.008327781479013988 0.010409726848767531
2 0.19723656451254717 0.9412579113924049 0.008327781479013988 0.012491672218520888
2 0.355464412613813 0.8569391239173884 0.006939817899178354 0.012491672218521075
2 0.34956556739951145 0.9475037475016654 0.004857872529424779 0.010409726848767625
2 0.35095353097934706 0.9225204030646235 0.006245836109260475 0.008327781479013988
2 0.38044775705085493 0.9730075782811458 0.006939817899178354 0.011450699533644351
2 0.20035948256717742 0.849652315123251 0.006245836109260506 0.012491672218521075
2 0.20972823673106816 0.8460089107261825 0.005551854319342658 0.011450699533644164
2 0.27079863424383743 0.7877144403730846 0.008327781479013988 0.011450699533644257
2 0.23158866311347986 0.7304609427048634 0.007633799689096171 0.009368754163890807
2 0.30272179658005766 0.7465960193204529 0.008327781479013988 0.008327781479013988
2 0.29300605152120807 0.7127644070619586 0.004163890739507025 0.013532644903397707
2 0.07995364201643347 0.3822555796135909 0.004163890739506994 0.014573617588274478
2 0.05601127026426826 0.3682024483677548 0.007633799689096155 0.009368754163890713
2 0.0376207528314457 0.5066518154563624 0.008327781479013988 0.011450699533644257
2 0.03727376193648678 0.6206383244503664 0.006245836109260491 0.010409726848767438
2 0.04976543415500776 0.5644257994670219 0.009021763268931829 0.010409726848767438
2 0.09036336886520097 0.6435397235176548 0.009715745058849652 0.012491672218520981
2 0.1080599045081057 0.9501061792138572 0.007633799689096155 0.009368754163890713
2 0.15178075727292914 0.7445140739506994 0.011797690428603133 0.012491672218520981
2 0.34297274039529196 0.5415244003997335 0.004163890739507025 0.010409726848767531
2 0.1930726737730402 0.6867400899400399 0.006939817899178354 0.009368754163890713
2 0.17607011992005325 0.684137658227848 0.006245836109260506 0.008327781479013988
2 0.13651315789473684 0.7559647734843438 0.006245836109260491 0.008327781479013988
2 0.050112425049966686 0.7819890906062624 0.008327781479013996 0.018737508327781427
2 0.18370391960914942 0.8735946868754163 0.006245836109260475 0.012491672218521075
2 0.26247085276482346 0.9568725016655562 0.00555185431934269 0.014573617588274525
2 0.2478972351765489 0.8735946868754163 0.009715745058849652 0.016655562958027975
2 0.1701712747057517 0.9521881245836107 0.008327781479013988 0.013532644903397614
2 0.16357844770153232 0.7976036808794137 0.009021763268931835 0.010409726848767438
2 0.16496641128136794 0.7773047135243171 0.006245836109260506 0.009368754163890713
2 0.1809279924494781 0.7622106095936042 0.006245836109260475 0.010409726848767438
2 0.06433905174328225 0.7044366255829446 0.00902176326893182 0.015614590273151251
2 0.4026551743282256 0.7460755329780145 0.006939817899178292 0.0176965356429047
2 0.49599572507217404 0.8460089107261825 0.006245836109260475 0.013532644903397801
2 0.4606026537863646 0.8142592438374416 0.004857872529424842 0.012491672218520981
2 0.852008383300022 0.5873271985343104 0.0076337996890961084 0.012491672218520981
2 0.02651704419276038 0.8709922551632244 0.008327781479013991 0.015614590273151251
2 0.27565650677326226 0.5311146735509661 0.008327781479013988 0.012491672218520981
2 0.16461942038640903 0.6888220353097935 0.006939817899178323 0.013532644903397707
2 0.17329419276038194 0.6466626415722851 0.009021763268931835 0.012491672218520981
2 0.3419317677104153 0.6362529147235175 0.006245836109260475 0.010409726848767531
2 0.22534282700421937 0.6825761992005329 0.0048578725294248105 0.009368754163890713
2 0.08654646902065288 0.7262970519653563 0.004857872529424826 0.013532644903397707
2 0.016801299133910725 0.7783456862091938 0.008327781479013988 0.009368754163890713
2 0.42659754608039085 0.9516676382411725 0.007633799689096171 0.012491672218520888
2 0.44498806351321335 0.4145257328447701 0.009715745058849683 0.010409726848767484
2 0.03657978014656895 0.8340377248500997 0.013185654008438814 0.018737508327781427
2 0.3450546857650455 0.9901836275816122 0.009715745058849683 0.008327781479013988
2 0.28120836109260494 0.9761304963357761 0.006939817899178323 0.013532644903397614
2 0.2617768709749056 0.9907041139240507 0.011103708638685317 0.0072868087941372625
2 0.344881190317566 0.6566039307128579 0.007633799689096171 0.011450699533644257
2 0.8971406882591092 0.9436993927125504 0.011948942869995517 0.01897773279352228
2 0.8936262932973459 0.6047359986504723 0.007731668915879371 0.00948886639676114
2 0.7207180611785875 0.38385627530364363 0.010543184885290177 0.014760458839406214
2 0.6824111560953666 0.2062036099865047 0.011246063877642846 0.00738022941970313
2 0.042088394062078274 0.19302462887989202 0.014057579847053536 0.010543184885290146
2 0.01748762932973459 0.33588478407557354 0.00984030589293747 0.013706140350877208
2 0.17493252361673414 0.28527749662618085 0.008434547908232136 0.011597503373819198
2 0.13557130004498424 0.2942392037786774 0.005623031938821423 0.012651821862348155
2 0.5471069500674763 0.6469087381916329 0.009137426900584836 0.013706140350877161
2 0.5066914080071975 0.9632042847503373 0.008434547908232165 0.011597503373819245
2 0.5601102114260008 0.9600413292847503 0.0070287899235267634 0.011597503373819058
2 0.5537843004948267 0.9906165654520918 0.011246063877642846 0.011597503373819245
2 0.6581618308591992 0.911015519568151 0.007731668915879371 0.012651821862348249
2 0.5959570400359874 0.9442265519568152 0.007028789923526826 0.011597503373819245
2 0.5826023391812865 0.8698970985155193 0.007028789923526826 0.016869095816464272
2 0.5228576248313089 0.870424257759784 0.009840305892937443 0.013706140350877255
2 0.5246148223121907 0.9136513157894737 0.009137426900584774 0.017923414304993276
2 0.49895973909131797 0.8767501686909581 0.008434547908232105 0.013706140350877067
2 0.25014057579847054 0.3680414979757085 0.012651821862348155 0.008434547908232089
