6 0.6284941983122363 0.8813499333777481 0.15309932267377302 0.23401065956029313
5 0.08107789251610036 0.381266655562958 0.0895236508994004 0.07495003331112594
3 0.29315178769709077 0.49931295802798137 0.5858455474128359 0.9980846102598266
3 0.8141447368421052 0.498766447368421 0.3695175438596491 0.9991776315789473
2 0.7007203530979346 0.5711921219187207 0.006245836109260475 0.011450699533644257
2 0.20764629136131468 0.8382016155896069 0.006939817899178323 0.012491672218521075
2 0.27496252498334445 0.6107490839440372 0.008327781479013988 0.011450699533644257
2 0.3204183322229624 0.6430192371752165 0.007633799689096171 0.005204863424383719
2 0.255878025760604 0.4988445203197868 0.009021763268931835 0.012491672218520981
2 0.2923120697312902 0.3983906562291805 0.0041638907395069626 0.011450699533644257
2 0.127491394625805 0.5155000832778148 0.007633799689096155 0.010409726848767531
2 0.1830099378192316 0.518623001332445 0.00763379968909614 0.016655562958027975
2 0.08481151454585831 0.7143258660892737 0.008327781479013988 0.010409726848767531
2 0.04560154341550077 0.6711254996668886 0.009021763268931829 0.009368754163890713
2 0.027905007772596045 0.6680025816122585 0.008327781479013991 0.0072868087941372625
2 0.18856179213857427 0.6039827614923383 0.00763379968909614 0.012491672218520981
2 0.2170150455252054 0.6248022151898733 0.009021763268931835 0.016655562958027975
2 0.13547218520986007 0.5326761325782812 0.009715745058849668 0.013532644903397707
2 0.22534282700421937 0.5852452531645569 0.00763379968909614 0.012491672218520981
2 0.26247085276482346 0.5894091439040638 0.00555185431934269 0.014573617588274525
2 0.2381814901176993 0.5920115756162557 0.013879635798356646 0.011450699533644164
2 0.14622890295358648 0.6971498167888075 0.006245836109260475 0.013532644903397707
2 0.15629163890739506 0.7294199700199866 0.009715745058849652 0.0072868087941372625
2 0.12367449478125693 0.7710588774150566 0.006939817899178323 0.011450699533644257
2 0.05982817010881634 0.831435293137908 0.005551854319342658 0.013532644903397801
2 0.05080640683988452 0.8345582111925381 0.005551854319342666 0.011450699533644257
2 0.03137491672218521 0.7476369920053297 0.008327781479013988 0.012491672218520981
2 0.015760326449033975 0.7632515822784809 0.007633799689096155 0.008327781479013988
2 0.013331390184321563 0.7835505496335775 0.006939817899178326 0.011450699533644257
2 0.23609954474794578 0.92043845769487 0.008327781479013988 0.016655562958027975
2 0.2569189984454808 0.9292867255163224 0.006939817899178323 0.011450699533644351
2 0.30757966910948253 0.9756100099933376 0.005551854319342658 0.016655562958028163
2 0.27079863424383743 0.9417783977348433 0.005551854319342658 0.0176965356429047
2 0.25344908949589157 0.7294199700199866 0.006939817899178323 0.015614590273151251
2 0.02755801687763713 0.632609510326449 0.009021763268931823 0.009368754163890713
2 0.16114951143681988 0.47282020319786805 0.009715745058849652 0.014573617588274525
2 0.5664348767488341 0.3661205029980013 0.01249167221852095 0.011450699533644257
2 0.04525455252054186 0.9272047801465689 0.008327781479013996 0.015614590273151251
2 0.19550161003775257 0.9730075782811459 0.009021763268931835 0.009368754163890713
2 0.2340175993781923 0.9745690373084609 0.008327781479013988 0.008327781479013988
2 0.2000124916722185 0.9308481845436375 0.005551854319342658 0.012491672218521075
2 0.20209443704197202 0.9454218021319118 0.011103708638685317 0.008327781479013988
2 0.20140045525205416 0.9053443537641571 0.008327781479013988 0.011450699533644351
2 0.1101418498778592 0.9808148734177214 0.00902176326893182 0.010409726848767625
2 0.13061431268043525 0.9584339606928715 0.008327781479013988 0.013532644903397614
2 0.03206889851210304 0.8600620419720185 0.008327781479013988 0.010409726848767438
2 0.04560154341550077 0.8126977848101266 0.009021763268931829 0.011450699533644257
2 0.16704835665112144 0.9683232011992005 0.007633799689096171 0.014573617588274338
2 0.3103555962691539 0.7960422218520986 0.006939817899178292 0.013532644903397707
2 0.07717771485676214 0.6695640406395735 0.004163890739506994 0.010409726848767531
2 0.11187680435265378 0.9412579113924049 0.005551854319342658 0.012491672218520888
2 0.23158866311347986 0.9558315289806795 0.007633799689096171 0.012491672218521075
2 0.0993851321341328 0.857980096602265 0.009715745058849668 0.014573617588274525
2 0.19324616922051963 0.6206903730846102 0.005551854319342658 0.008327781479013988
2 0.1974100599600266 0.63994836775483 0.006939817899178323 0.011450699533644257
2 0.7460217049032839 0.9231401821862347 0.010543184885290177 0.017923414304993276
2 0.5295349752586594 0.189861673414305 0.011948942869995517 0.01265182186234818
2 0.41109986504723345 0.9431722334682862 0.0070287899235267634 0.013706140350877255
2 0.3942307692307692 0.6289853238866396 0.009840305892937443 0.013706140350877255
2 0.3503008322087269 0.8582995951417003 0.010543184885290177 0.016869095816464272
2 0.02557073774179037 0.2715713562753036 0.010543184885290149 0.00948886639676114
2 0.10323886639676114 0.35433535762483126 0.015463337831758883 0.014760458839406214
2 0.43324055330634276 0.8546094804318488 0.007731668915879434 0.013706140350877067
2 0.35768106162843 0.9452808704453441 0.008434547908232105 0.013706140350877255
2 0.5091514844804318 0.8967822199730093 0.009137426900584774 0.013706140350877067
