3 0.8222677936930933 0.08637470852764823 0.35327143015767265 0.17429005662891406
5 0.280514379302687 0.19540098267821449 0.27204086164779034 0.190498001332445
2 0.41514684654674655 0.4665743670886075 0.022207417277370634 0.024983344437041963
2 0.495995725072174 0.4103618421052631 0.01318565400843883 0.014573617588274478
2 0.5699047856984233 0.4665743670886076 0.01249167221852095 0.02081945369753497
2 0.5754566400177659 0.49311917055296467 0.01249167221852095 0.02810626249167223
2 0.7982247945813902 0.42597643237841437 0.024983344437042025 0.03122918054630241
2 0.7663016322451699 0.31771527315123244 0.015267599378192342 0.02706528980679546
2 0.8176562846990895 0.6862196035976015 0.013879635798356584 0.029147235176548957
2 0.8540903286697755 0.7455550466355761 0.02428936264712421 0.022901399067288514
2 0.7454821785476349 0.6862196035976016 0.027759271596713292 0.03331112591605595
2 0.7048842438374417 0.6732074450366422 0.01596158116811016 0.023942371752165237
2 0.5119573062402841 0.3395756995336442 0.022901399067288514 0.03331112591605595
2 0.43596630024428157 0.5066518154563624 0.020819453697535 0.03643404397068622
2 0.37524289362647123 0.5737945536309127 0.01596158116811016 0.03122918054630241
2 0.6011339662447257 0.7351453197868086 0.016655562958027975 0.05413057961359092
2 0.6799008994003997 0.7757432544970019 0.022901399067288452 0.027065289806795508
2 0.6101557295136576 0.7726203364423717 0.016655562958027975 0.02081945369753497
2 0.815227348434377 0.9173155396402398 0.017349544747945794 0.03747501665556304
2 0.7107830890517433 0.8158207028647567 0.015267599378192342 0.023942371752165237
2 0.6177895292027535 0.8163411892071951 0.016655562958027975 0.037475016655562944
2 0.2576129802353986 0.9193974850099933 0.012491672218521013 0.022901399067288514
2 0.5029355429713525 0.9100287308461024 0.009021763268931804 0.014573617588274338
2 0.16392543859649122 0.9266842938041304 0.02081945369753497 0.018737508327781614
2 0.10840689540306461 0.9230408894070619 0.019431490117699304 0.0218604263824116
2 0.8804616366866533 0.404636492338441 0.01596158116811016 0.011450699533644257
2 0.10875388629802353 0.8158207028647567 0.029841216966466806 0.021860426382411695
2 0.19758355540750608 0.6185563790806128 0.020125471907617154 0.016655562958027975
2 0.07578975127692648 0.9396964523650898 0.008327781479013988 0.03851598934043958
2 0.9824769598045746 0.8376811292471684 0.013185654008438767 0.02602431712191869
