5 0.2812218848403059 0.6010458839406208 0.2797458389563653 0.22351551956815108
2 0.33639788573999096 0.35433535762483126 0.027412280701754384 0.029520917678812427
2 0.4147688933873144 0.8298329959514169 0.02108636977058029 0.029520917678812333
2 0.5732681061628428 0.8250885627530363 0.013354700854700858 0.020032051282051287
2 0.5838112910481331 0.8488107287449392 0.013354700854700858 0.02530364372469631
2 0.49559997750787216 0.7723726383265856 0.009840305892937443 0.013706140350877255
2 0.8034609761583444 0.7844973009446694 0.022492127755285567 0.029520917678812427
2 0.10409637876743139 0.10920630904183533 0.02108636977058029 0.02424932523616733
3 0.7104279127305442 0.2905701754385965 0.5758547008547008 0.5767543859649122
2 0.8835891812865496 0.76235661268556 0.012651821862348187 0.012651821862348249
2 0.436206702654071 0.8677884615384613 0.02178924876293296 0.033738191632928356
2 0.5131719523166891 0.696988866396761 0.022492127755285692 0.035846828609986454
2 0.8646114484930275 0.8572452766531713 0.012651821862348187 0.02741228070175451
2 0.7695980457472795 0.6743004663557628 0.017349544747945794 0.02602431712191869
2 0.5850624156545209 0.2415232793522267 0.013354700854700858 0.029520917678812427
