5 0.6193066801619432 0.28685897435897434 0.17009671614934765 0.14760458839406204
3 0.9211932073774178 0.09075573549257758 0.15533625730994147 0.17712550607287447
2 0.11569388214125055 0.05016447368421052 0.014760458839406198 0.03479251012145748
2 0.13572593342330183 0.2821145411605937 0.026709401709401698 0.026357962213225363
2 0.13010290148448042 0.31374409581646423 0.01827485380116958 0.02635796221322541
2 0.16770692757534864 0.4334092442645074 0.01476045883940623 0.01476045883940626
2 0.1923076923076923 0.5578188259109311 0.013354700854700858 0.01897773279352228
2 0.15224358974358973 0.7908232118758434 0.01897773279352228 0.029520917678812427
2 0.2987938596491228 0.5340966599190283 0.01968061178587495 0.024249325236167307
2 0.21198830409356723 0.45080549932523617 0.016166216824111568 0.024249325236167307
2 0.2748959739091318 0.7628837719298245 0.01968061178587495 0.024249325236167307
2 0.2622441520467836 0.8366860661268555 0.01827485380116961 0.03690114709851556
2 0.22710020242914974 0.8730600539811065 0.01827485380116958 0.03162955465587053
2 0.2246401259559154 0.9157599527665317 0.01757197480881691 0.034792510121457544
2 0.2763017318938371 0.9199772267206476 0.0070287899235267634 0.020032051282051287
2 0.38841093117408904 0.9811276990553307 0.010543184885290177 0.020032051282051287
2 0.4239063202878992 0.9505524628879892 0.030926675663517735 0.030575236167341337
2 0.45202147998200626 0.8287786774628879 0.009840305892937506 0.027412280701754322
2 0.47240497076023386 0.7375801282051281 0.018274853801169548 0.01581477732793517
2 0.47662224471434994 0.8150725371120107 0.012651821862348187 0.01476045883940626
2 0.5156320287899234 0.8208712887989202 0.014760458839406198 0.011597503373819151
2 0.5869742465137202 0.8119095816464237 0.008434547908232042 0.016869095816464272
2 0.6017347053531263 0.9125969973009447 0.015463337831758867 0.017923414304993276
2 0.7370389113810165 0.8751686909581645 0.010543184885290177 0.02319500674763849
2 0.7609367971210075 0.9458080296896085 0.016166216824111537 0.01476045883940626
2 0.9746120107962213 0.9384278002699055 0.010543184885290052 0.012651821862348062
2 0.975314889788574 0.9537154183535762 0.010543184885290052 0.013706140350877255
2 0.9468482905982906 0.8783316464237517 0.008434547908232042 0.016869095816464272
2 0.91521873594242 0.7407430836707152 0.012651821862348187 0.015814777327935264
2 0.8916722896986055 0.7128036437246963 0.014760458839406323 0.01897773279352228
2 0.992886864597391 0.6463815789473684 0.010543184885290177 0.02108636977058029
2 0.9384137426900584 0.6463815789473684 0.022492127755285567 0.02530364372469631
2 0.9088928250112459 0.6374198717948717 0.012651821862348187 0.017923414304993276
2 0.8347390913180386 0.6759024966261807 0.010543184885290177 0.027412280701754416
2 0.8396592442645073 0.7085863697705802 0.011948942869995517 0.01897773279352228
2 0.8227901484480431 0.4903424426450741 0.013354700854700733 0.016869095816464178
2 0.8097868870895186 0.4819078947368421 0.011246063877642721 0.01897773279352228
2 0.9791807242465137 0.45449561403508765 0.02108636977058023 0.023195006747638303
2 0.9521198830409355 0.37384024966261803 0.016166216824111537 0.017923414304993227
2 0.7644511920827709 0.3886007085020243 0.018977732793522217 0.026357962213225363
2 0.6347700179937021 0.13292847503373817 0.019680611785874887 0.02108636977058029
2 0.20460807467386413 0.13240131578947367 0.014057579847053527 0.013706140350877185
2 0.2562696806117859 0.15928643724696354 0.010543184885290146 0.023195006747638323
2 0.3262061403508772 0.1134235829959514 0.015463337831758867 0.013706140350877185
2 0.06157219973009446 0.83721322537112 0.02038349077822761 0.033738191632928446
2 0.05700348627980207 0.8867661943319838 0.011246063877642824 0.027412280701754322
2 0.10866509221772377 0.8409033400809716 0.014760458839406214 0.0242493252361674
2 0.13678025191183085 0.8498650472334682 0.011948942869995486 0.029520917678812333
2 0.16630116959064328 0.6875 0.010543184885290146 0.023195006747638303
2 0.2886021142600089 0.7349443319838056 0.024600764732343672 0.027412280701754416
2 0.28438484030589295 0.6600877192982455 0.01757197480881691 0.02108636977058029
2 0.31144568151147095 0.6326754385964911 0.015463337831758867 0.033738191632928446
2 0.7106809491677912 0.5119559716599189 0.018274853801169673 0.03268387314439944
2 0.6945147323436796 0.4845436909581646 0.014057579847053527 0.022140688259109295
2 0.8178699955015742 0.04963731443994601 0.009137426900584836 0.025303643724696352
2 0.4731078497525865 0.9516067813765182 0.011246063877642846 0.022140688259109295
2 0.486736673414305 0.9884235829959513 0.008982793522267192 0.019863360323886668
2 0.7532051282051282 0.4418437921727395 0.009137426900584712 0.012651821862348249
2 0.7626939946018894 0.8092737854251012 0.007028789923526826 0.01581477732793517
