1 0.5159834682860998 0.3453736504723347 0.08293972109761583 0.2667425775978408
2 0.4601045883940621 0.9241945006747637 0.010543184885290114 0.051661605937921816
2 0.8923751686909581 0.41706730769230765 0.018977732793522342 0.0474443319838057
2 0.6867830634278002 0.083902665317139 0.03233243364822307 0.020032051282051287
2 0.598220310391363 0.1413630229419703 0.028115159694107054 0.016869095816464248
2 0.2987938596491228 0.6774839743589742 0.030926675663517735 0.04955296896086371
2 0.1262370670265407 0.7159665991902833 0.040064102564102554 0.021086369770580385
2 0.4007113135402609 0.5446398448043185 0.029520917678812396 0.05166160593792172
2 0.1884418578497526 0.40441548582995945 0.009840305892937475 0.03690114709851551
2 0.015885065227170488 0.4587128879892038 0.03022379667116509 0.023195006747638396
2 0.03099696356275303 0.4154858299595141 0.025303643724696356 0.016869095816464223
2 0.05208333333333333 0.39545377867746284 0.01686909581646424 0.023195006747638303
2 0.14327948034643567 0.20117838107928046 0.04025094381523427 0.04163890739506994
