2 0.05514379302687097 0.6862716522318454 0.026371308016877627 0.04163890739506994
2 0.15126027093049074 0.6862716522318454 0.053436597823673104 0.13949033977348435
2 0.20851376859871193 0.8679213857428381 0.022207417277370634 0.046843770819453755
2 0.0537558294470353 0.9725391405729513 0.04996668887408393 0.049966688874083925
2 0.2810279258272263 0.9750374750166555 0.02566344659116145 0.04663557628247841
2 0.2976904286031534 0.8981095936042636 0.039556962025316486 0.03018820786142559
2 0.32614368198978455 0.8824950033311125 0.009021763268931867 0.034352098600932676
2 0.3972768154563624 0.8580321452365087 0.019431490117699304 0.04163890739506994
2 0.24841772151898733 0.3568037974683544 0.03122918054630247 0.02186042638241174
2 0.26507328447701534 0.5233594270486341 0.03816899844548082 0.06974516988674218
2 0.24425383077948032 0.5769695203197869 0.01596158116811016 0.027065289806795508
2 0.2501526759937819 0.689915056628914 0.011103708638685348 0.02810626249167223
2 0.19775705085498554 0.7263491005996002 0.024289362647124117 0.021860426382411695
2 0.17207972462802576 0.863757495003331 0.01873750832778149 0.04059793471019321
2 0.23627304019542522 0.783082111925383 0.013879635798356646 0.03539307128580949
2 0.3126110370863868 0.37970519653564283 0.02637130801687766 0.02186042638241174
2 0.23696702198534308 0.42446702198534303 0.03747501665556298 0.02810626249167223
2 0.17520264268265598 0.18296135909393735 0.03469908949589165 0.019778481012658222
2 0.2865867199644681 0.22043637574950034 0.015961581168110098 0.03018820786142573
2 0.14779036198090162 0.5061833777481678 0.020125471907617123 0.06870419720186535
2 0.06520652898067954 0.4359177215189873 0.04094492560515212 0.023942371752165237
2 0.10025260937153009 0.09395819453697533 0.03331112591605595 0.037475016655562944
2 0.03744725738396624 0.8132703197868086 0.03400510770597379 0.01873750832778152
2 0.12974683544303797 0.9449533644237174 0.020125471907617137 0.046843770819453755
2 0.08133259284575073 0.2152682843472317 0.01281613123718388 0.03310833902939168
