2 0.14189151676660003 0.4525732844770153 0.026371308016877627 0.05517155229846774
2 0.14570841661114808 0.5780104930046636 0.0340051077059738 0.06870419720186545
2 0.24598878525427492 0.8413765822784808 0.033311125916055985 0.027065289806795415
2 0.3459221630024428 0.9158061292471683 0.029147235176548925 0.04059793471019321
2 0.07665722851432377 0.03097934710193204 0.029147235176548974 0.059335443037974674
2 0.05514379302687097 0.1007245169886742 0.016655562958027975 0.044761825449700185
2 0.16999777925827225 0.024213024650233173 0.01596158116811016 0.04996668887408394
2 0.21371863202309568 0.6867921385742838 0.02845325338663111 0.015614590273151251
2 0.3195508549855652 0.4260284810126581 0.022207417277370696 0.04580279813457693
2 0.14223850766155896 0.12414640239840107 0.02845325338663111 0.05829447035309794
2 0.5954086164779036 0.936105096602265 0.027065289806795352 0.047884743504330474
