4 0.9444536975349767 0.2020996419053964 0.10889962247390628 0.18297176882078614
2 0.06210839598997493 0.5159133629528365 0.018512189564821143 0.044856459330143594
2 0.08133259284575073 0.4902811004784689 0.02136021872863979 0.0299043062200957
2 0.08418062200956938 0.7295155502392343 0.012816131237183864 0.03417634996582367
2 0.09984478241057188 0.7385936431989063 0.01708817498291182 0.041652426520847524
2 0.12868107769423556 0.8320446001367052 0.026344269765322392 0.05340054682159935
2 0.1664174641148325 0.663832877648667 0.013528138528138542 0.0309723171565276
2 0.19774578491683753 0.758351845522898 0.014952153110047835 0.03417634996582367
2 0.19382974481658688 0.668104921394395 0.02136021872863976 0.037380382775119646
2 0.17780958077010706 0.4288704716336295 0.019224196855775807 0.022428229665071752
2 0.9596969185784975 0.1988233805668016 0.031629554655870404 0.020032051282051287
