2 0.13391072618254496 0.8106678880746169 0.0451088163446591 0.14885909393737506
2 0.014545858316677767 0.7820411392405062 0.028453253386631128 0.03331112591605595
2 0.1595394736842105 0.981283311125916 0.01864035087719298 0.03414390406395733
2 0.029119475904952247 0.16266239173884076 0.04094492560515212 0.03539307128580945
2 0.1366866533422163 0.09031479013990672 0.039556962025316444 0.032270153231179204
2 0.12176604485898289 0.3245336442371752 0.016655562958027975 0.034352098600932676
2 0.2956084832333999 0.4723517654896735 0.020125471907617123 0.04059793471019321
2 0.25952143015767265 0.4921302465023318 0.03122918054630244 0.023942371752165237
2 0.22169942260715078 0.7971352431712191 0.012491672218520981 0.02602431712191869
2 0.146055407506107 0.6066372418387741 0.023595380857206298 0.05725349766822119
2 0.12077365089940038 0.9807628247834774 0.02161059293804131 0.03518487674883424
2 0.21337164112813678 0.3120419720186542 0.027759271596713292 0.019778481012658243
2 0.31122307350655115 0.3661725516322451 0.020819453697534938 0.02810626249167223
