2 0.8396902065289805 0.1558960692871419 0.07841994226071516 0.06349933377748168
2 0.03744725738396624 0.9204905063291138 0.04788474350433044 0.14365423051299125
2 0.2158005773928492 0.5566705529646901 0.024289362647124117 0.05308960692871419
2 0.16965078836331332 0.6779438707528314 0.029147235176548988 0.03539307128580949
2 0.05202087497224072 0.7029272151898733 0.028453253386631124 0.0666222518321119
2 0.17901954252720403 0.5748875749500332 0.03122918054630247 0.027065289806795508
2 0.12558294470353099 0.38178714190539637 0.028453253386631124 0.019778481012658243
2 0.04161114812347323 0.14080196535642905 0.043720852764823445 0.03747501665556297
2 0.14466744392627137 0.20950616255829443 0.02081945369753497 0.04163890739506994
2 0.15542416166999778 0.6342230179880081 0.0340051077059738 0.029147235176548957
2 0.23176215856095933 0.43956112591605595 0.014573617588274463 0.029147235176548957
2 0.023220630690650675 0.3953197868087941 0.02081945369753497 0.034352098600932725
2 0.08346861471861472 0.07322282980177715 0.019936204146730453 0.028836295283663695
2 0.12974908863066756 0.9094753930280246 0.018512189564821143 0.02883629528366371
