6 0.0585269542527204 0.565498001332445 0.11815039973351098 0.2790223184543637
3 0.032155646235842765 0.9153793304463689 0.06540778369975571 0.12681129247168543
2 0.07075838330002221 0.40364756828780807 0.014573617588274478 0.01145069953364421
2 0.10233455474128358 0.3859510326449034 0.01526759937819231 0.04267988007994671
2 0.12697090828336663 0.3640906062624916 0.006245836109260491 0.013532644903397707
2 0.34522818121252496 0.8153522651565622 0.005551854319342658 0.014573617588274525
2 0.3733344437041972 0.8096269153897401 0.007633799689096171 0.013532644903397707
2 0.7643931823228958 0.7175008327781478 0.004163890739507025 0.016655562958027975
2 0.21267765933821897 0.14080196535642905 0.006939817899178323 0.014573617588274503
2 0.008300022207417277 0.14080196535642905 0.00485787252942483 0.014573617588274503
4 0.4035158920027341 0.479600991114149 0.10751310093415355 0.13456937799043062
