6 0.06789570841661115 0.5511638074616922 0.13688790806129247 0.29311708860759494
3 0.045664001776593376 0.9157020319786808 0.09068954030646235 0.16530646235842777
2 0.011769931157006438 0.12154397068620916 0.009021763268931823 0.01353264490339773
2 0.2178825227626027 0.10697035309793468 0.004857872529424842 0.015614590273151227
2 0.108927381745503 0.35940622918054627 0.014573617588274478 0.04163890739506994
2 0.13009382633799688 0.3396277481678881 0.005551854319342658 0.014573617588274478
2 0.07873917388407728 0.37814373750832775 0.012491672218520997 0.014573617588274478
2 0.3601487896957583 0.8158727514990006 0.009021763268931804 0.013532644903397707
2 0.3899900066622252 0.8169137241838774 0.007633799689096171 0.013532644903397707
2 0.7807017543859649 0.7034477015323117 0.006245836109260475 0.015614590273151251
4 0.4227400888585099 0.46411483253588515 0.11748120300751876 0.13777341079972658
