6 0.1327830057739285 0.572415264823451 0.2666625027759271 0.37344895069953354
3 0.11022859760159892 0.2142894320453031 0.22155368643126802 0.33811833777481676
2 0.22829224961137015 0.3307794803464357 0.011797690428603165 0.044761825449700206
2 0.2480707306240284 0.31672634910059955 0.008327781479013988 0.010409726848767484
2 0.3351654452587164 0.07313874083944037 0.006245836109260475 0.01665556295802799
2 0.4923523206751054 0.8085859427048634 0.009715745058849621 0.013532644903397707
2 0.523234510326449 0.8101474017321785 0.006245836109260475 0.012491672218520981
2 0.9073534310459693 0.6878331112591605 0.005551854319342658 0.013532644903397707
3 0.15942496668887407 0.9136200866089274 0.31821147013102374 0.16947035309793476
4 0.5612255069491912 0.45824077238550914 0.12531328320801996 0.13456937799043062
2 0.13451698155645522 0.10077176113360323 0.011948942869995486 0.011597503373819174
