3 0.11513157894736842 0.7245065789473684 0.23135964912280702 0.5476973684210527
6 0.14458069620253164 0.25570973517654894 0.2902578836331335 0.2531957861425716
3 0.18267682656007103 0.06322347601598934 0.36535365312014206 0.12809168887408393
2 0.3712524983344436 0.7695494670219852 0.009021763268931804 0.010409726848767438
2 0.39901176993115695 0.8049425383077947 0.009021763268931804 0.010409726848767531
2 0.7602292915833888 0.9746210859427048 0.006939817899178417 0.010409726848767625
4 0.5765336637047163 0.5153793574846205 0.13741740715424927 0.05660457963089542
2 0.09515575798470534 0.3748945681511471 0.00913742690058479 0.00738022941970313
2 0.07969242015294646 0.37594888663967607 0.00913742690058479 0.013706140350877161
2 0.09550719748088167 0.35380819838056676 0.012651821862348171 0.017923414304993276
2 0.07898954116059378 0.35802547233468285 0.013354700854700858 0.017923414304993227
