6 0.1716459860093271 0.15356949533644235 0.34438846324672434 0.30549425383077944
3 0.08593923495447478 0.6508994003997335 0.17297496113701974 0.6932461692205196
3 0.3945112980235399 0.0699897984676882 0.09713663113479903 0.14162433377748165
2 0.32197979125027754 0.7284310459693537 0.009021763268931804 0.011450699533644164
2 0.3421052631578947 0.7763157894736842 0.006245836109260475 0.011450699533644257
4 0.5569534632034632 0.5597018113465482 0.14809751651856914 0.07903280929596718
2 0.12116228070175437 0.23941464237516863 0.011948942869995502 0.012651821862348202
2 0.10640182186234817 0.2336158906882591 0.007731668915879434 0.017923414304993227
2 0.12467667566351776 0.21621963562753033 0.007731668915879434 0.02108636977058029
2 0.10815901934322986 0.21305668016194332 0.015463337831758883 0.012651821862348202
