6 0.30692385631801017 0.09965751998667553 0.24871613368865197 0.20095977681545635
3 0.08621335776149233 0.4192361342438374 0.17242671552298466 0.84011700532978
3 0.4845936042638241 0.025227973017988004 0.10295913835220959 0.05210068287808127
2 0.2643793026870975 0.6347435043304464 0.007633799689096171 0.011450699533644257
2 0.2699311570064401 0.6972018654230512 0.0062458361092605375 0.015614590273151157
4 0.5373732627022101 0.5901401230348599 0.1388414217361586 0.1676777170198223
2 0.18688146648672962 0.04963731443994601 0.008434547908232105 0.008434547908232124
2 0.1932073774179037 0.02802378542510121 0.009840305892937475 0.02214068825910931
2 0.17528396311291047 0.030659581646423746 0.007731668915879465 0.02741228070175438
2 0.17809547908232115 0.008518893387314439 0.006325910931174093 0.010543184885290146
