6 0.8427853653120142 0.2147734843437708 0.3122362869198312 0.42900566289140574
3 0.8726543415500777 0.5806129247168553 0.25122140795025527 0.2966772151898734
3 0.6644042860315345 0.042924508660892736 0.0459138352209638 0.08749375416389073
2 0.974669664667999 0.7856845436375749 0.005551854319342658 0.013532644903397801
2 0.8101959804574727 0.9470353097934708 0.011103708638685317 0.011450699533644164
2 0.33932933599822335 0.10853181212524982 0.009021763268931804 0.012491672218520981
2 0.3892960248723073 0.11998251165889405 0.0076337996890961084 0.010409726848767484
2 0.047509993337774815 0.4723517654896735 0.006939817899178323 0.013532644903397707
4 0.3910557644110275 0.5602358168147641 0.12531328320802004 0.195446001367054
2 0.8205268780926674 0.08759278002699053 0.014760458839406198 0.01897773279352227
2 0.8233383940620782 0.060707658569500667 0.009137426900584712 0.013706140350877185
2 0.8036577822762033 0.07863107287449392 0.007731668915879496 0.01581477732793522
2 0.8110380116959064 0.059653340080971666 0.008434547908232042 0.011597503373819162
