6 0.8559710193204529 0.5064228014656895 0.28586497890295365 0.25031229180546305
3 0.8438540972684876 0.1439248834110593 0.30882189651343545 0.28939040639573615
3 0.8064241894292693 0.815768654230513 0.3838621474572508 0.3651732178547635
2 0.10129358205640683 0.1454863424383744 0.00902176326893182 0.007286808794137239
2 0.4652870308683099 0.04503247834776815 0.006939817899178354 0.012491672218520981
2 0.50692593826338 0.09395819453697533 0.009715745058849683 0.008327781479013988
4 0.3579474253816358 0.47212491455912503 0.1787138300296195 0.09825700615174295
2 0.8721884840305892 0.36382422402159237 0.009840305892937506 0.014760458839406214
2 0.8837859874044085 0.3538081983805667 0.009137426900584836 0.013706140350877208
2 0.8936262932973459 0.36066126855600533 0.007731668915879371 0.012651821862348155
2 0.8837859874044085 0.38385627530364363 0.011948942869995517 0.014760458839406214
