2 0.5180296469020652 0.06376998667554963 0.027759271596713292 0.02290139906728848
2 0.6210859427048634 0.07417971352431711 0.0104097268487675 0.024983344437041977
2 0.784518654230513 0.11946202531645567 0.006939817899178292 0.032270153231179204
2 0.9479513657561625 0.23709193870752832 0.0145736175882744 0.03643404397068618
2 0.879594159449256 0.3203697534976682 0.009715745058849683 0.04059793471019321
2 0.9177631578947368 0.48432295136575604 0.015267599378192342 0.027065289806795508
2 0.7119975571840994 0.44632744836775484 0.022901399067288452 0.021860426382411695
2 0.6890961581168109 0.5041014323784144 0.007633799689096233 0.03122918054630241
2 0.6134521430157673 0.7721518987341771 0.017349544747945794 0.019778481012658243
2 0.7064457028647567 0.8471019320453029 0.014573617588274525 0.04059793471019321
2 0.685921191427937 0.9818037974683543 0.041534810126582264 0.03310293137908061
2 0.9632189651343548 0.9428714190539639 0.0104097268487675 0.04267988007994685
2 0.3594548079058405 0.7508119586942037 0.0104097268487675 0.024983344437041963
2 0.688749167221852 0.6602473351099266 0.019431490117699367 0.016655562958027975
2 0.5430129913391072 0.07678214523650898 0.01804352653786361 0.019778481012658233
