2 0.34488119031756603 0.3630496335776149 0.017349544747945794 0.028106262491672186
2 0.48714745725072167 0.49108927381745493 0.021513435487452756 0.030188207861425682
2 0.5239284921163668 0.5618754163890739 0.009021763268931867 0.026024317121918782
2 0.7099156118143459 0.5160726182544969 0.013185654008438767 0.03435209860093277
2 0.8507939151676659 0.3786642238507661 0.013185654008438892 0.03018820786142573
2 0.8612036420164334 0.6888740839440372 0.01596158116811016 0.017696535642904795
2 0.9097823673106817 0.9865922718187875 0.01596158116811016 0.02186042638241179
2 0.7657811459027314 0.9558835776149232 0.01249167221852095 0.031229180546302315
2 0.7317760381967576 0.6284976682211858 0.011103708638685317 0.015614590273151251
2 0.5961025982678214 0.5249208860759493 0.01596158116811016 0.016655562958027975
2 0.3882550521874305 0.5171135909393736 0.013879635798356646 0.011450699533644257
