2 0.2917915833888518 0.19493254497001997 0.016655562958027975 0.031229180546302478
2 0.6852792582722628 0.014844270486342435 0.04441483455474127 0.029147235176548963
2 0.43475183211192536 0.2933044636908727 0.013879635798356646 0.02186042638241174
2 0.47951365756162556 0.6966813790806128 0.011797690428603133 0.03539307128580949
2 0.5253164556962024 0.6550424716855429 0.014573617588274463 0.024983344437041963
2 0.4725738396624472 0.5145111592271818 0.011797690428603133 0.018737508327781427
2 0.8362202975793914 0.905396402398401 0.01596158116811016 0.023942371752165237
2 0.8185237619364868 0.984510326449034 0.011103708638685317 0.023942371752165237
2 0.544053964023984 0.5722851432378414 0.011797690428603196 0.0176965356429047
2 0.6165750610703974 0.21627248500999335 0.016655562958027975 0.017696535642904746
2 0.14501443482123028 0.7070911059293803 0.0104097268487675 0.02081945369753497
2 0.3580668443260049 0.9246543970686208 0.01318565400843883 0.031229180546302502
2 0.4531423495447479 0.42706945369753485 0.0104097268487675 0.02081945369753497
