2 0.08567899178325561 0.10905229846768819 0.012491672218520997 0.023942371752165216
2 0.07804519209415943 0.28862008660892735 0.008327781479013988 0.02706528980679546
2 0.12003109038418831 0.5702031978680879 0.01596158116811016 0.019778481012658243
2 0.01697479458139018 0.824721019320453 0.015267599378192316 0.05621252498334437
2 0.2890156562291805 0.8486633910726182 0.011103708638685317 0.037475016655562944
2 0.535379191650011 0.8835359760159893 0.020819453697535 0.015614590273151251
2 0.7168554297135242 0.25687041972018654 0.020125471907617185 0.019778481012658243
2 0.5208055740617366 0.02681545636242505 0.019431490117699304 0.01769653564290473
2 0.015586831001554516 0.42030313124583607 0.020819453697534972 0.02186042638241174
2 0.9389296024872306 0.7273900732844769 0.013185654008438892 0.023942371752165237
