1 0.8022151898734177 0.16110093271152565 0.046496779924494844 0.09056462358427717
2 0.8244226071507883 0.393758327781479 0.02845325338663111 0.020819453697535018
2 0.9385826115922717 0.4510118254497001 0.020819453697534875 0.05204863424383747
2 0.8861869864534754 0.2636367421718854 0.0104097268487675 0.029147235176548957
2 0.7588413280035532 0.14860926049300466 0.022207417277370634 0.04059793471019321
2 0.7144264934488117 0.13611758827448367 0.015267599378192342 0.019778481012658243
2 0.38235620697312894 0.24750166555629574 0.017349544747945856 0.04267988007994671
2 0.29179158338885186 0.26780063291139233 0.012491672218521013 0.037475016655562944
2 0.32232678214523647 0.2027398401065956 0.01804352653786367 0.02186042638241172
2 0.03363035753941816 0.30059127248500994 0.026371308016877634 0.02810626249167223
2 0.021485676215856092 0.6420303131245836 0.028453253386631138 0.04059793471019321
2 0.19914501443482122 0.8621960359760159 0.025677326226959812 0.018737508327781427
2 0.19775705085498554 0.7383202864756828 0.018737508327781458 0.037475016655562944
2 0.01072895847212969 0.866359926715523 0.01110370863868532 0.02914723517654905
2 0.2695841661114812 0.9022734843437707 0.013879635798356646 0.03851598934043958
2 0.35390295358649787 0.8996710526315789 0.0104097268487675 0.016655562958027975
2 0.6422523872973573 0.689915056628914 0.012491672218521075 0.019778481012658243
2 0.5697312902509437 0.18296135909393735 0.009021763268931867 0.017696535642904725
