2 0.5156007106373528 0.0804255496335776 0.020125471907617185 0.04163890739506995
2 0.010989201643348876 0.1926892488341106 0.023074894514767928 0.048207445036642246
2 0.11447923606484565 0.22668221185876078 0.018737508327781472 0.03018820786142573
2 0.572854208305574 0.35784477015323113 0.00832778147901405 0.015614590273151251
2 0.5322562735953809 0.5223184543637575 0.020125471907617185 0.032270153231179224
2 0.42087219631356865 0.9756620586275815 0.03192316233622026 0.037475016655562854
2 0.4427326226959804 0.8944661892071951 0.011797690428603196 0.02914723517654905
2 0.14987230735065513 0.8356512325116588 0.010409726848767469 0.021860426382411695
2 0.14848434377081943 0.6925174883411059 0.009021763268931835 0.04372085276482348
2 0.9555851654452586 0.9100807794803464 0.011797690428603258 0.016655562958027975
