2 0.28693371085942704 0.13039223850766157 0.020819453697534938 0.03331112591605598
2 0.40595852764823454 0.053854721852098594 0.031215300910504108 0.10935418054630246
2 0.3108760826115922 0.05856512325116589 0.020125471907617123 0.024983344437041977
2 0.369864534754608 0.2657186875416389 0.014573617588274525 0.06454030646235841
2 0.800827226293582 0.10020403064623583 0.025677326226959844 0.03331112591605595
2 0.5888157894736842 0.5577115256495668 0.022207417277370634 0.032270153231179134
2 0.8254635798356651 0.841376582278481 0.02914723517654905 0.047884743504330474
2 0.3129580279813458 0.7076115922718187 0.024289362647124148 0.034352098600932676
2 0.26646124805685095 0.559272984676882 0.020125471907617154 0.04163890739506994
2 0.3768043526537863 0.5915431379080611 0.014573617588274463 0.027065289806795508
2 0.29526149233844096 0.2969478680879413 0.01804352653786367 0.029147235176549005
2 0.5666083721963135 0.4853639240506329 0.009715745058849683 0.022901399067288514
2 0.3618837441705529 0.33286142571618915 0.015267599378192342 0.023942371752165237
