2 0.22829224961137015 0.18868670886075947 0.017349544747945825 0.04580279813457693
2 0.2071258050188763 0.30163224516988674 0.026371308016877627 0.032270153231179224
2 0.1408505440817233 0.6961608927381745 0.024289362647124148 0.07390906062624916
2 0.30705918276704414 0.509306295802798 0.020819453697535 0.029147235176548957
2 0.4156673328891849 0.3849100599600266 0.020125471907617123 0.03643404397068622
2 0.8063790806129246 0.2802923051299133 0.03678103486564516 0.0957694870086609
2 0.9687708194536975 0.24281728847435038 0.011797690428603133 0.06037641572285141
2 0.7695980457472795 0.520236508994004 0.017349544747945794 0.04267988007994676
2 0.6328836331334664 0.5171135909393736 0.01596158116811016 0.03851598934043967
2 0.7040167666000442 0.5405354763491005 0.03608705307572734 0.029147235176548957
2 0.6545401460353991 0.6724599725723976 0.012899499179479142 0.05677059449544452
2 0.6995058849655784 0.6081987008660892 0.031229180546302502 0.03331112591605595
2 0.7043637574950032 0.9475557961359093 0.032617144126138135 0.031229180546302315
2 0.7983982900288695 0.38334860093271145 0.01249167221852095 0.020819453697535018
2 0.4389157228514323 0.2959068954030646 0.009715745058849683 0.031229180546302502
