2 0.053061847657117474 0.4598600932711525 0.016655562958027975 0.05933544303797464
2 0.5697312902509437 0.1558960692871419 0.011797690428603133 0.02810626249167221
2 0.41948423273373303 0.3864715189873417 0.016655562958027975 0.07495003331112589
2 0.14848434377081943 0.6956404063957361 0.022901399067288483 0.054130579613591016
2 0.013851876526759935 0.8611550632911391 0.027065289806795463 0.031229180546302502
2 0.08430837774816789 0.9745169886742171 0.01669026204752388 0.04767654896735513
2 0.0675556573395514 0.9823242838107927 0.01510798356651122 0.03206195869420388
2 0.9264379302687096 0.09499916722185209 0.01596158116811016 0.06245836109260492
2 0.9340717299578059 0.16526482345103263 0.014573617588274525 0.042679880079946685
2 0.40074672440595155 0.6519195536309126 0.009715745058849683 0.03331112591605595
2 0.8945147679324893 0.006516489007328447 0.013185654008438892 0.012491672218520983
2 0.40178769709082834 0.372938874083944 0.015961581168110098 0.02081945369753497
