2 0.568690317566067 0.2261617255163224 0.03192316233622032 0.0666222518321119
2 0.6509271596713302 0.045552964690206525 0.024289362647124085 0.019778481012658222
2 0.6623778592049744 0.3203697534976682 0.01249167221852095 0.044761825449700206
2 0.34522818121252496 0.9756620586275815 0.02637130801687766 0.031229180546302502
2 0.734898956251388 0.6966813790806128 0.029841216966466744 0.01873750832778152
2 0.9621779924494781 0.7336359093937375 0.015267599378192342 0.05725349766822119
2 0.8330973795247612 0.9220519653564291 0.01249167221852095 0.04059793471019321
2 0.7612702642682655 0.744045636242505 0.018737508327781552 0.044761825449700206
2 0.8056850988230068 0.714898401065956 0.011797690428603133 0.034352098600932676
2 0.514559737952476 0.20950616255829443 0.008327781479013988 0.02290139906728849
2 0.44793748612036416 0.15433461025982678 0.012491672218521013 0.024983344437041963
2 0.7820897179658005 0.7487300133244503 0.0104097268487675 0.018737508327781427
2 0.7550244281590051 0.6919970019986674 0.009021763268931867 0.023942371752165237
