2 0.21376594896331735 0.07268882433356118 0.032752335383914345 0.023496240601503758
2 0.1489732854864434 0.027298359535201638 0.015664160401002526 0.03738038277511961
2 0.10803286625655045 0.04652255639097744 0.020648211437685127 0.033108339029391656
2 0.4273681362497152 0.24196855775803142 0.01708817498291182 0.06301264524948738
2 0.5331012189564821 0.31619531784005467 0.01637616769195716 0.025632262474367777
2 0.48254870129870125 0.4016361927546138 0.01352813852813851 0.04485645933014355
2 0.5355932444748234 0.42513243335611745 0.011392116655274526 0.040584415584415626
2 0.25933441558441556 0.29269907723855093 0.027056277056277053 0.04058441558441558
2 0.1286810776942356 0.578926008202324 0.01495215311004785 0.0299043062200957
2 0.7160870927318295 0.03797846889952153 0.012104123946229312 0.028836295283663695
2 0.414196001367054 0.1191473000683527 0.01352813852813851 0.01815618591934383
