2 0.3433512759170654 0.19230604921394395 0.02705627705627702 0.021360218728639784
2 0.28567868534973795 0.2232783663704716 0.009968102073365202 0.03844839371155159
2 0.8499444634313055 0.8758330485304169 0.01637616769195716 0.04912850307587147
2 0.9204331852358167 0.9591379015721119 0.0249202551834131 0.02776828434723181
2 0.11764496468443836 0.8587448735475052 0.01708817498291182 0.034176349965823576
2 0.33124715197083615 0.6841250854408748 0.014240145819093173 0.03951640464798354
2 0.09948877876509454 0.6451426862611072 0.01637616769195716 0.04272043745727961
2 0.33943523581681473 0.4854750512645249 0.01637616769195716 0.02883629528366371
2 0.894800922761449 0.47212491455912503 0.014952153110047835 0.034176349965823576
2 0.8342803030303029 0.7401956596035543 0.012104123946229188 0.04699248120300749
2 0.3543873889268626 0.4529007177033493 0.01637616769195716 0.03844839371155164
2 0.33872322852586007 0.4165883458646616 0.01352813852813851 0.05340054682159945
2 0.251146331738437 0.24837662337662333 0.027768284347231716 0.02883629528366371
