2 0.10767686261107312 0.11487525632262473 0.01708817498291182 0.04165242652084755
2 0.5078249601275917 0.46091079972658916 0.03132832080200499 0.03951640464798364
2 0.4626124971519708 0.3978981544771018 0.01637616769195716 0.016020164046479796
2 0.4035158920027341 0.5052332535885167 0.017800182273866483 0.02136021872863976
2 0.6651785714285714 0.866220950102529 0.03417634996582364 0.03631237183868756
2 0.3604394508999772 0.7417976760082022 0.012816131237183911 0.03951640464798354
2 0.4184680451127819 0.6558227956254271 0.014952153110047897 0.03844839371155164
2 0.3910557644110275 0.665434894053315 0.02136021872863979 0.034176349965823576
2 0.39176777170198224 0.6131023581681476 0.012816131237183849 0.01708817498291188
2 0.3782396331738437 0.6275205058099794 0.012816131237183911 0.020292207792207768
