2 0.1361571542492595 0.6333945659603554 0.014240145819093188 0.040584415584415535
2 0.12268752811515968 0.6684573650034176 0.027173301844354476 0.03808526999316479
2 0.5099609820004557 0.6926691729323308 0.024208247892458377 0.022428229665071752
2 0.4878887559808613 0.5853340738209158 0.02136021872863979 0.04272043745727952
2 0.4181120414673046 0.6098983253588516 0.015664160401002557 0.014952153110047897
2 0.6324262360446571 0.6398026315789473 0.01993620414673053 0.02563226247436773
2 0.896936944634313 0.969818010936432 0.01352813852813851 0.034176349965823576
2 0.24438226247436773 0.16880980861244016 0.03132832080200499 0.021360218728639784
2 0.0581923558897243 0.060940704032809295 0.016376167691957166 0.027768284347231716
2 0.6822667464114832 0.6392686261107313 0.011392116655274589 0.01602016404647989
