2 0.4497963659147869 0.5137773410799725 0.027768284347231685 0.040584415584415626
2 0.4366242310321257 0.42032638414217366 0.039872408293460934 0.03310833902939159
2 0.11194890635680108 0.5127093301435407 0.02563226247436773 0.02563226247436773
2 0.4003118591934381 0.10152511961722487 0.011392116655274589 0.027768284347231716
2 0.8773567441330599 0.088174982911825 0.024208247892458377 0.04378844839371154
2 0.9841578377762589 0.5292634996582364 0.028480291638186345 0.022428229665071752
2 0.8559965254044201 0.6264524948735474 0.01851218956482108 0.048060492139439484
2 0.6801307245386192 0.8582108680792891 0.041296422875370255 0.03951640464798364
2 0.8748647186147187 0.9308356117566643 0.014952153110047835 0.011748120300751825
2 0.5402212918660286 0.6024222488038277 0.027768284347231685 0.02136021872863976
2 0.8099836932073773 0.9031081309041836 0.017571974808817004 0.020032051282051287
