2 0.5185050694919116 0.9297676008202324 0.04556846662109817 0.06942071086807924
2 0.8207521645021644 0.8785030758714969 0.02919229892914107 0.030972317156527693
2 0.9840510366826156 0.9851546479835953 0.015450558213716142 0.026401230348598852
2 0.8424683868762816 0.285223000683527 0.01993620414673053 0.0299043062200957
2 0.38749572795625425 0.2264823991797676 0.02563226247436776 0.044856459330143504
2 0.6484464000911369 0.7279135338345863 0.01637616769195716 0.03524436090225566
2 0.17140151515151514 0.6600948393711551 0.020648211437685127 0.03631237183868756
2 0.14149720893141943 0.6766490088858509 0.024920255183413082 0.01815618591934378
2 0.19560976304397357 0.2521146616541353 0.007832080200501247 0.03204032809295969
2 0.2272940874914559 0.03958048530416951 0.019936204146730467 0.027768284347231716
