2 0.43484421280473906 0.3669258373205741 0.013528138528138573 0.04165242652084757
2 0.36720352016404645 0.2889610389610389 0.01352813852813851 0.05660457963089538
2 0.5209970950102528 0.16186773752563227 0.03061631351105033 0.03524436090225564
2 0.4700885737069947 0.07696086807928912 0.03132832080200499 0.032040328092959675
2 0.49180479608111183 0.21206425153793573 0.017800182273866483 0.020292207792207768
2 0.6858267828662565 0.22381237183868766 0.011392116655274589 0.03524436090225562
2 0.9147371269081794 0.05880468215994532 0.02207222601959445 0.02990430622009569
2 0.774827694235589 0.1757518796992481 0.015664160401002433 0.022428229665071776
2 0.8734407040328092 0.673444976076555 0.0249202551834131 0.020292207792207768
2 0.7222851161995898 0.9760765550239234 0.01595608339029397 0.04455741626794263
