2 0.19845779220779222 0.23075444292549555 0.007832080200501247 0.02136021872863976
2 0.2415342333105491 0.2729408749145591 0.028480291638186377 0.024564251537935736
2 0.24545027341079972 0.42032638414217355 0.01637616769195716 0.024564251537935736
2 0.21981801093643197 0.41445232399179766 0.014952153110047835 0.023496240601503793
2 0.2757105832763727 0.7289815447710184 0.011392116655274526 0.03951640464798364
2 0.7103910344041923 0.0598726930963773 0.01637616769195716 0.036312371838687636
2 0.6288661995898837 0.15278964456596034 0.019936204146730405 0.0299043062200957
2 0.8122080770107084 0.5543617566643882 0.026344269765322424 0.029904306220095607
2 0.9136691159717475 0.5265934723171565 0.014240145819093235 0.040584415584415535
2 0.9485574732285259 0.4886790840738209 0.015664160401002557 0.030972317156527693
2 0.9859378560036454 0.6018882433356116 0.0249202551834131 0.048060492139439484
2 0.8307202665755297 0.6066942925495556 0.02207222601959445 0.027768284347231716
2 0.7894238437001595 0.6040242652084757 0.013528138528138636 0.022428229665071752
2 0.960661597174755 0.06628075871496923 0.009968102073365265 0.02563226247436773
2 0.14932928913192067 0.5714499316473 0.010680109364319896 0.02136021872863976
