2 0.6277981886534518 0.18269395078605602 0.027768284347231623 0.02563226247436773
2 0.9022769993164729 0.2643967874231032 0.01708817498291188 0.03524436090225562
2 0.7705556504898611 0.2665328092959672 0.022784233310549053 0.020292207792207768
2 0.7723356687172476 0.3226033834586466 0.007832080200501216 0.03417634996582367
2 0.7556034973798131 0.37440191387559807 0.012816131237183788 0.024564251537935736
2 0.9834458304853041 0.1661397812713602 0.01708817498291188 0.03310833902939168
2 0.9798857940305308 0.07696086807928912 0.018512189564821206 0.027768284347231716
2 0.5462733538391433 0.033706425153793566 0.014240145819093173 0.01602016404647983
2 0.7887118364092047 0.8032083048530415 0.017800182273866483 0.019224196855775776
2 0.5548174413305992 0.46892088174982904 0.009968102073365202 0.02563226247436773
