2 0.4426762930052403 0.8085483595352017 0.026344269765322424 0.04912850307587147
2 0.4786326611984506 0.7925281954887218 0.02136021872863979 0.02563226247436773
2 0.6815547391205286 0.4406185919343814 0.02136021872863973 0.04378844839371151
2 0.8136320915926178 0.04438653451811347 0.00925609478241054 0.039516404647983595
2 0.66268654591023 0.032638414217361585 0.01495215311004796 0.02029220779220779
2 0.43698023467760305 0.674512987012987 0.019224196855775807 0.05019651401230356
2 0.3575914217361586 0.9388456937799041 0.014240145819093173 0.029904306220095607
2 0.3564023695602643 0.9824846206425152 0.0075899977215766485 0.03174128503075872
2 0.6434623490544543 0.6371326042378673 0.007832080200501216 0.026700273410799724
2 0.6929468557758031 0.06788277511961723 0.007120072909546618 0.026700273410799724
