2 0.33658720665299613 0.6371326042378673 0.01637616769195716 0.02029220779220786
2 0.4366242310321257 0.5586338004101161 0.02136021872863973 0.03204032809295969
2 0.3141589769879243 0.6024222488038277 0.018512189564821143 0.017088174982911788
2 0.5598014923672818 0.020356288448393708 0.02705627705627702 0.03631237183868762
2 0.6025219298245613 0.669706937799043 0.03132832080200499 0.05126452494873546
2 0.60002990430622 0.6264524948735475 0.014952153110047835 0.03310833902939168
2 0.7417193552061973 0.6131023581681476 0.014952153110047835 0.04912850307587147
2 0.706830997949419 0.9452537593984963 0.02207222601959445 0.04272043745727952
2 0.8923088972431077 0.5965481886534517 0.025632262474367697 0.026700273410799724
2 0.9453534404192299 0.3631877990430622 0.020648211437685127 0.027768284347231716
2 0.9378773638642058 0.5169813738892686 0.014240145819093235 0.04912850307587147
2 0.9638656299840509 0.46144480519480524 0.017800182273866483 0.04272043745727961
2 0.7178671109592162 0.34663362952836635 0.014240145819093235 0.024564251537935736
2 0.7232071656413761 0.5415456254272044 0.02919229892914107 0.027768284347231716
2 0.8866128389154704 0.4011021872863978 0.015664160401002557 0.020292207792207768
