2 0.029712064251537936 0.6398026315789473 0.017800182273866486 0.0299043062200957
2 0.1975749031670084 0.9755425495557074 0.016034404192298936 0.045625427204374534
2 0.20059381408065616 0.8256365345181134 0.026344269765322392 0.029904306220095607
2 0.17887759170653905 0.8368506493506492 0.014240145819093173 0.026700273410799818
2 0.21376594896331735 0.6221804511278195 0.019936204146730467 0.03951640464798364
2 0.15538135110503531 0.6777170198222829 0.015664160401002495 0.022428229665071752
2 0.0592603668261563 0.7295155502392343 0.011392116655274549 0.02563226247436773
2 0.2333461494645705 0.466250854408749 0.01637616769195716 0.0459244702665755
2 0.6174740829346093 0.3231373889268626 0.012816131237183788 0.05233253588516745
2 0.9104650831624517 0.5677118933697881 0.023496240601503775 0.02883629528366371
2 0.7570275119617226 0.7150974025974025 0.028480291638186345 0.041652426520847524
2 0.8996007647323436 0.035931174089068825 0.022492127755285567 0.02952091767881241
