2 0.9809538049669628 0.7482057416267942 0.023496240601503775 0.020292207792207768
2 0.8424683868762816 0.49829118250170884 0.011392116655274589 0.022428229665071846
2 0.9948379471405787 0.474260936431989 0.005696058327637294 0.021360218728639854
2 0.9699176919571656 0.5308655160628845 0.011392116655274589 0.019224196855775776
2 0.8264482228298017 0.677183014354067 0.012104123946229188 0.04912850307587157
2 0.8549285144679881 0.7268455228981544 0.020648211437685127 0.024564251537935736
2 0.7317512531328321 0.7076213260423786 0.024920255183412975 0.043788448393711606
2 0.7196471291866028 0.667036910457963 0.01637616769195716 0.030972317156527693
2 0.5156570403280929 0.6232484620642514 0.012816131237183849 0.043788448393711606
2 0.3963958190931875 0.6163063909774434 0.014952153110047835 0.019224196855775776
2 0.37076355661881977 0.5356715652768284 0.017800182273866483 0.022428229665071752
2 0.11266091364775574 0.5079032809295967 0.02136021872863979 0.030972317156527693
2 0.10945688083845978 0.23342447026657548 0.01495215311004785 0.03310833902939163
2 0.10803286625655045 0.13943950786056047 0.01210412394622922 0.01815618591934383
2 0.3244830827067669 0.13409945317840055 0.009256094782410603 0.03097231715652767
2 0.017251936659831393 0.5095052973342447 0.015664160401002505 0.023496240601503744
2 0.9873618705855547 0.7241754955570745 0.009256094782410665 0.023496240601503744
2 0.6658905787195261 0.10205912508544086 0.028480291638186345 0.026700273410799724
2 0.675502677147414 0.07856288448393711 0.01352813852813851 0.01602016404647983
