2 0.7011349396217816 0.23342447026657548 0.01637616769195716 0.04378844839371156
2 0.7399393369788106 0.578392002734108 0.007120072909546618 0.05233253588516745
2 0.9492694805194805 0.35571172248803823 0.022784233310549178 0.029904306220095656
2 0.35474339257233994 0.39149008885850983 0.022784233310549115 0.03524436090225562
2 0.06317640692640693 0.33808954203691044 0.014952153110047843 0.02883629528366371
2 0.10625284802916381 0.4886790840738209 0.015664160401002512 0.03524436090225566
2 0.07385651629072681 0.5821300410116199 0.012104123946229204 0.02563226247436773
2 0.024728013214855318 0.8267045454545454 0.010680109364319892 0.04912850307587147
2 0.16392543859649122 0.6248504784688994 0.019936204146730467 0.027768284347231716
2 0.32661910457963084 0.5527597402597402 0.01637616769195722 0.03524436090225557
2 0.30347886762360443 0.7877221462747778 0.041296422875370255 0.03524436090225566
2 0.32626310093415356 0.9484577922077921 0.025632262474367697 0.034176349965823576
2 0.21269793802688539 0.7428656869446343 0.017800182273866514 0.02029220779220786
2 0.26859051036682613 0.6462106971975393 0.015664160401002495 0.027768284347231716
