2 0.6363422761449077 0.6061602870813396 0.01637616769195716 0.041652426520847524
2 0.7232071656413761 0.5228554340396445 0.023496240601503775 0.024564251537935736
2 0.7427873661426293 0.46998889268626104 0.025632262474367697 0.03631237183868756
2 0.7869318181818181 0.4187243677375256 0.02990430622009567 0.023496240601503838
2 0.2013058213716108 0.2910970608339029 0.023496240601503744 0.03310833902939163
2 0.10020078605604921 0.8667549555707451 0.042008430166324905 0.05233253588516754
2 0.06317640692640693 0.9084073820915927 0.01637616769195716 0.026700273410799724
2 0.3380112212349054 0.5938781613123717 0.02207222601959445 0.03631237183868766
2 0.13473313966735018 0.7156314080656185 0.012816131237183849 0.021360218728639854
2 0.0062158236500341755 0.9730220437457279 0.007832080200501253 0.03204032809295959
2 0.927197254499886 0.03584244702665755 0.01993620414673053 0.04378844839371155
2 0.9886826441102756 0.6371432843472317 0.020441729323308233 0.04808185235816814
