2 0.4227400888585099 0.7156314080656185 0.020648211437685127 0.034176349965823576
2 0.3255510936431989 0.8747650375939849 0.012816131237183911 0.03204032809295978
2 0.18661711095921624 0.9883586807928914 0.02259911141490088 0.019993164730006896
2 0.14149720893141943 0.9618079289131921 0.01637616769195714 0.022428229665071752
2 0.1603654021417179 0.870492993848257 0.024208247892458408 0.02776828434723181
2 0.23761819321029842 0.8149564251537935 0.027768284347231716 0.034176349965823576
2 0.318075017088175 0.7412636705399863 0.023496240601503775 0.03204032809295969
2 0.33231516290726815 0.3840140123034859 0.007832080200501216 0.04378844839371151
2 0.006571827295511506 0.6355305878332194 0.014240145819093187 0.04699248120300749
2 0.07314450899977215 0.7471377306903622 0.022072226019594438 0.02883629528366371
2 0.11764496468443836 0.7962662337662337 0.018512189564821143 0.02029220779220786
2 0.15680536568694464 0.14104152426520847 0.019936204146730467 0.05553656869446343
2 0.14826127819548873 0.06521274777853725 0.01851218956482116 0.023496240601503758
