2 0.2557743791296423 0.22381237183868766 0.0299043062200957 0.04378844839371156
2 0.12583304853041694 0.39095608339029386 0.013528138528138526 0.044856459330143504
2 0.12512104123946227 0.42139439507860554 0.012104123946229204 0.01602016404647989
2 0.311666951469583 0.5201854066985645 0.027768284347231685 0.027768284347231716
2 0.27393056504898605 0.5340695488721804 0.014952153110047803 0.014952153110047803
2 0.13330912508544085 0.5586338004101161 0.022784233310549098 0.02136021872863976
2 0.4861087377534746 0.7038832877648667 0.03346434267486898 0.027768284347231716
2 0.46795255183413076 0.7460697197539302 0.015664160401002495 0.03951640464798354
2 0.6434623490544543 0.6163063909774434 0.0263442697653223 0.03204032809295969
2 0.8777127477785371 0.1474495898838004 0.01352813852813851 0.019224196855775796
