2 0.11835697197539302 0.7231074846206424 0.018512189564821143 0.044856459330143504
2 0.311666951469583 0.677183014354067 0.01637616769195716 0.02136021872863976
2 0.38642771701982226 0.6606288448393711 0.020648211437685127 0.02029220779220786
2 0.09842076782866256 0.9409817156527683 0.011392116655274558 0.03631237183868775
2 0.15004129642287534 0.40377221462747775 0.019224196855775807 0.027768284347231716
2 0.02259199134199134 0.47586295283663704 0.010680109364319892 0.041652426520847524
2 0.2653864775575302 0.08657296650717702 0.013528138528138542 0.0491285030758715
2 0.20949390521758943 0.3711978810663021 0.015664160401002495 0.020292207792207813
2 0.22302204374572795 0.36425580997949414 0.009968102073365234 0.02136021872863976
2 0.2525703463203463 0.6355305878332194 0.009256094782410572 0.021360218728639854
2 0.0033677944862155382 0.03691045796308954 0.004984051036682615 0.03524436090225564
