1 0.724275176577808 0.22007433356117567 0.045568466621098105 0.0790328092959672
2 0.935741341991342 0.677183014354067 0.02136021872863973 0.044856459330143594
2 0.9193651742993848 0.870492993848257 0.011392116655274589 0.04272043745727952
2 0.7349552859421281 0.9286995898838004 0.015664160401002557 0.05446855775803135
2 0.6228141376167692 0.6189764183185236 0.010680109364319864 0.07369275461380721
2 0.48468472317156525 0.30658321941216676 0.026344269765322424 0.0299043062200957
2 0.7182231146046936 0.28201896787423103 0.032040328092959716 0.02563226247436773
2 0.7029149578491682 0.1661397812713602 0.011392116655274464 0.024564251537935736
2 0.7143070745044429 0.056668660287081334 0.021360218728639854 0.0299043062200957
2 0.4861087377534746 0.12288533834586467 0.009256094782410603 0.036312371838687636
2 0.4806761221234905 0.008698949077238552 0.017273296878560024 0.019042634996582364
2 0.4483723513328776 0.7909261790840738 0.02207222601959445 0.03951640464798364
2 0.315938995215311 0.9340396445659601 0.017800182273866483 0.048060492139439574
