2 0.016895933014354065 0.5367395762132604 0.03346434267486899 0.06514866712235128
2 0.24117822966507174 0.8464627477785371 0.017800182273866483 0.05019651401230347
2 0.05427631578947368 0.5976161995898838 0.024208247892458422 0.02883629528366371
2 0.7961879129642286 0.8833091250854409 0.025632262474367697 0.03204032809295978
2 0.9410813966735019 0.7706339712918661 0.030616313511050392 0.026700273410799724
2 0.970273695602643 0.8176264524948734 0.019224196855775682 0.0459244702665755
2 0.8848328206880838 0.8032083048530415 0.00925609478241054 0.023496240601503744
2 0.8552845181134655 0.7022812713602187 0.03132832080200499 0.03310833902939168
2 0.8848328206880838 0.7118933697881066 0.010680109364319864 0.024564251537935736
2 0.7175111073137388 0.9847701640464798 0.0263442697653223 0.025632262474367822
2 0.2977828092959671 0.8096163704716335 0.015664160401002495 0.0299043062200957
2 0.43021616541353386 0.7845181134654818 0.009968102073365202 0.02883629528366371
2 0.5441373319662793 0.28468899521531094 0.015664160401002557 0.03951640464798359
