1 0.2739305650489861 0.7781100478468899 0.047704488493962215 0.08650888585099112
2 0.5135210184552289 0.6894651401230348 0.02420824789245844 0.02456425153793583
2 0.5138770221007063 0.8758330485304169 0.007832080200501216 0.03631237183868756
2 0.5193986386420596 0.9894266917293232 0.01602728411938938 0.017857142857142908
2 0.282474652540442 0.9415157211209844 0.020648211437685127 0.026700273410799724
2 0.28140664160401 0.7134953861927545 0.031328320802005025 0.02563226247436773
2 0.37574760765550236 0.382946001367054 0.00925609478241054 0.07369275461380725
2 0.5533934267486899 0.2056561859193438 0.019936204146730405 0.03951640464798359
2 0.6833347573479152 0.06521274777853725 0.01637616769195716 0.04912850307587149
2 0.26609848484848486 0.06574675324675323 0.017800182273866483 0.06087662337662337
2 0.07990857826384141 0.12662337662337658 0.00854408749145591 0.05019651401230349
2 0.06246439963545226 0.3215353725222146 0.02064821143768512 0.03844839371155164
2 0.29723346828609987 0.8314144736842105 0.012651821862348124 0.020032051282051194
