2 0.45157638414217355 0.17308185235816814 0.02705627705627702 0.034176349965823645
2 0.7499074390521758 0.13463345864661655 0.009968102073365265 0.029904306220095676
2 0.9126011050353156 0.4577067669172932 0.0249202551834131 0.026700273410799724
2 0.8243122009569377 0.5089712918660286 0.030616313511050392 0.024564251537935736
2 0.30419087491455915 0.6771830143540669 0.018512189564821143 0.05553656869446343
2 0.3372992139439508 0.9537978468899521 0.027768284347231748 0.03204032809295959
2 0.12512104123946227 0.771701982228298 0.022072226019594438 0.04378844839371151
2 0.0927247095010253 0.8192284688995214 0.011392116655274542 0.03844839371155155
2 0.12191700843016631 0.9586038961038961 0.014240145819093173 0.03310833902939168
2 0.9190091706539074 0.6841250854408749 0.012104123946229312 0.020292207792207768
