2 0.37467959671907036 0.32740943267259054 0.009968102073365202 0.02883629528366371
2 0.3896317498291182 0.3482356459330143 0.018512189564821143 0.019224196855775776
2 0.4989248689906584 0.42139439507860554 0.026344269765322424 0.022428229665071752
2 0.38820773524720886 0.7113593643198906 0.014240145819093173 0.02563226247436773
2 0.37361158578263837 0.6766490088858509 0.012104123946229188 0.013884142173615811
2 0.3287551264524949 0.7364576213260423 0.023496240601503713 0.02883629528366371
2 0.10304881521986786 0.7295155502392343 0.02349624060150376 0.03844839371155164
2 0.10981288448393711 0.9682159945317839 0.015664160401002512 0.03951640464798364
2 0.3397912394622921 0.185897983595352 0.02420824789245844 0.019224196855775796
2 0.2831866598313967 0.35143967874231025 0.020648211437685127 0.03844839371155159
2 0.29493478013214847 0.12822539302802458 0.018512189564821143 0.021360218728639784
2 0.514589029391661 0.016618250170881747 0.014952153110047835 0.0288362952836637
