2 0.4473043403964456 0.3119232740943267 0.02136021872863979 0.02136021872863976
2 0.42986016176805647 0.21954032809295967 0.012104123946229188 0.024564251537935785
2 0.14932928913192067 0.24784261790840734 0.01637616769195719 0.025632262474367777
2 0.18492965367965364 0.2574547163362953 0.010680109364319896 0.03417634996582367
2 0.19988180678970152 0.37920796308954197 0.017800182273866483 0.04485645933014355
2 0.2393982114376851 0.7743720095693779 0.01708817498291182 0.06408065618591938
2 0.12191700843016631 0.7663619275461381 0.019936204146730467 0.022428229665071752
2 0.15680536568694461 0.8555408407382091 0.028480291638186377 0.021360218728639854
2 0.02416908749145591 0.9824846206425152 0.01525831624515835 0.03174128503075872
2 0.21056191615402142 0.4459586466165413 0.010680109364319896 0.02029220779220786
2 0.8414003759398496 0.5949461722488039 0.00925609478241054 0.03844839371155164
