2 0.13936118705855546 0.2894950444292549 0.020648211437685113 0.027768284347231716
2 0.2981388129414445 0.381877990430622 0.02919229892914107 0.026700273410799724
2 0.13046109592162225 0.20886021872863977 0.03275233538391433 0.022428229665071797
2 0.15573735475051265 0.09511705399863295 0.02207222601959445 0.021360218728639784
2 0.5412893028024607 0.9201555023923446 0.022784233310549115 0.024564251537935924
2 0.6559224766461608 0.76475991114149 0.014240145819093235 0.017088174982911788
2 0.8228881863750284 0.06681476418318523 0.030616313511050392 0.033108339029391656
2 0.20949390521758943 0.9319036226930963 0.018512189564821143 0.026700273410799724
2 0.3579474253816358 0.7049512987012986 0.0348883572567783 0.03417634996582367
2 0.16285742766005923 0.4427546138072454 0.019224196855775807 0.022428229665071846
