2 0.4836167122351333 0.285757006151743 0.02136021872863979 0.030972317156527693
2 0.07456852358168148 0.3236713943950786 0.012104123946229204 0.03631237183868766
2 0.33124715197083615 0.7199034518113465 0.015664160401002495 0.034176349965823576
2 0.35047134882661196 0.7375256322624744 0.019936204146730467 0.022428229665071752
2 0.38286768056504894 0.7567498291182501 0.020648211437685127 0.020292207792207768
2 0.4743606174527226 0.7957322282980177 0.01708817498291182 0.034176349965823576
2 0.48966877420824784 0.8485987696514011 0.013528138528138573 0.037380382775119646
2 0.7253431875142401 0.6088303144224196 0.01637616769195716 0.040584415584415535
2 0.7491954317612212 0.4555707450444292 0.01708817498291188 0.037380382775119646
2 0.964933640920483 0.6462106971975393 0.03275233538391432 0.046992481203007586
2 0.9414374003189792 0.7006792549555707 0.022784233310549053 0.04912850307587147
2 0.9129571086807929 0.8357826384142172 0.019936204146730405 0.0459244702665755
2 0.9425054112554112 0.8726290157211208 0.01637616769195716 0.02776828434723181
2 0.9457094440647072 0.9628759398496238 0.021360218728639854 0.03951640464798364
