2 0.13936118705855546 0.8891831852358169 0.024920255183413068 0.03310833902939168
2 0.4967888471177944 0.8881151742993849 0.027768284347231748 0.030972317156527693
2 0.6306462178172705 0.7273795283663703 0.014952153110047835 0.044856459330143594
2 0.6399023125996809 0.851802802460697 0.00925609478241054 0.043788448393711606
2 0.8577765436318068 0.76742993848257 0.027768284347231623 0.026700273410799724
2 0.8752207222601959 0.5703819207108681 0.038448393711551614 0.027768284347231716
2 0.904413021189337 0.6932031784005468 0.012816131237183911 0.03204032809295969
2 0.9603055935292776 0.5378075871496923 0.026344269765322424 0.026700273410799724
2 0.9364533492822965 0.48707706766917286 0.014240145819093235 0.04272043745727961
2 0.3622194691273638 0.1180792891319207 0.03773638642059695 0.016020164046479844
2 0.37147556390977443 0.06147470950102528 0.032040328092959716 0.028836295283663695
2 0.29991883116883117 0.09671907040328091 0.018512189564821143 0.03310833902939167
2 0.3761036113009797 0.021958304853041694 0.018512189564821143 0.020292207792207795
2 0.49002477785372517 0.041716507177033485 0.00854408749145594 0.021360218728639777
2 0.9247052289815446 0.4149863294600136 0.00925609478241054 0.018156185919343874
