2 0.5494773866484393 0.12662337662337658 0.03631237183868756 0.07369275461380724
2 0.4686645591250855 0.3418275803144224 0.012816131237183849 0.03204032809295964
2 0.18706567555251763 0.3418275803144224 0.020648211437685127 0.04485645933014355
2 0.14256521986785142 0.41445232399179766 0.009968102073365234 0.04272043745727952
2 0.4398282638414217 0.19818010936431987 0.01352813852813851 0.05233253588516745
2 0.4070759284575074 0.017686261107313736 0.017800182273866483 0.033108339029391656
2 0.700422932330827 0.07429084073820916 0.012104123946229188 0.03524436090225564
2 0.6562784802916382 0.14157552973342447 0.01352813852813851 0.026700273410799724
2 0.9243492253360673 0.7935962064251537 0.014240145819093235 0.06621667805878335
2 0.9069050467076782 0.8320446001367053 0.01637616769195716 0.03631237183868775
2 0.9916339143312827 0.4491626794258373 0.01352813852813851 0.03951640464798354
2 0.9741897357028935 0.08817498291182502 0.017088174982911757 0.02456425153793576
2 0.9934139325586693 0.14210953520164044 0.009968102073365265 0.034176349965823645
2 0.9873618705855548 0.042784518113465474 0.017800182273866483 0.029904306220095694
2 0.9944819434951013 0.2270164046479836 0.007832080200501216 0.03951640464798364
