2 0.08702865117338801 0.8218984962406014 0.02563226247436773 0.028836295283663615
2 0.06958447254499886 0.5356715652768284 0.022072226019594438 0.02883629528366371
2 0.087028651173388 0.5271274777853725 0.014240145819093188 0.018156185919343874
2 0.43876025290498966 0.5073692754613807 0.02136021872863979 0.027768284347231716
2 0.823600193665983 0.26493079289131916 0.017800182273866483 0.0299043062200957
2 0.6559224766461608 0.13997351332877647 0.011392116655274589 0.03844839371155159
2 0.010131863750284801 0.23022043745727952 0.019936204146730464 0.06728468899521531
2 0.009063852813852812 0.1527896445659603 0.017800182273866486 0.034176349965823645
2 0.14968529277739803 0.056134654818865336 0.02563226247436773 0.02883629528366371
2 0.007639838231943494 0.4443566302118933 0.016376167691957166 0.03844839371155155
