2 0.2237340510366826 0.33381749829118246 0.019936204146730467 0.048060492139439484
2 0.07314450899977215 0.087640977443609 0.01780018227386649 0.02990430622009569
2 0.03576412622465254 0.06574675324675323 0.018512189564821143 0.06087662337662337
2 0.05463231943495101 0.07268882433356116 0.016376167691957166 0.03204032809295966
2 0.25185833902939164 0.6349965823650033 0.017800182273866483 0.05233253588516745
2 0.05783635224424698 0.8833091250854409 0.029904306220095694 0.034176349965823576
2 0.10696485532011847 0.9169514695830486 0.021360218728639774 0.03524436090225566
2 0.1731815333789018 0.9703520164046479 0.019936204146730467 0.054468557758031534
2 0.960661597174755 0.6622308612440191 0.01424014581909311 0.027768284347231716
2 0.2383302005012531 0.8090823650034176 0.013528138528138542 0.02883629528366371
2 0.43591222374117106 0.9527298359535201 0.02705627705627702 0.021360218728639666
