2 0.47578463203463195 0.282552973342447 0.02136021872863979 0.022428229665071752
2 0.5505453975848712 0.35197368421052627 0.027056277056277084 0.020292207792207813
4 0.5850777511961721 0.4363465481886534 0.127449305080884 0.1463174982911825
2 0.7452793916609706 0.6131023581681476 0.02207222601959445 0.03844839371155155
2 0.34975934153565724 0.6835910799726589 0.018512189564821143 0.04912850307587147
2 0.14826127819548873 0.4315404989747094 0.00854408749145591 0.023496240601503744
2 0.4996368762816131 0.384014012303486 0.01637616769195716 0.03524436090225562
2 0.08845266575529732 0.6552887901572112 0.014240145819093188 0.030972317156527693
2 0.3768156185919344 0.6440746753246753 0.022784233310549115 0.014952153110047803
2 0.5471069500674763 0.46820175438596484 0.02178924876293296 0.029520917678812427
2 0.6145833333333333 0.37911184210526316 0.011948942869995517 0.01581477732793522
