8 0.3369432102984734 0.17904669343814078 0.674982911825017 0.3597381237183868
2 0.3618634654818865 0.7247095010252904 0.025632262474367697 0.03310833902939168
2 0.43377620186830707 0.37440191387559807 0.014240145819093235 0.026700273410799724
2 0.5224211095921621 0.771701982228298 0.017800182273866483 0.028836295283663615
2 0.7552474937343358 0.3407595693779904 0.017800182273866483 0.01495215311004785
2 0.32042847503373817 0.2193825910931174 0.030926675663517735 0.03162955465587044
2 0.3917706927575349 0.20409497300944668 0.01897773279352228 0.04533569500674762
2 0.4276175213675213 0.30952682186234814 0.030223796671165128 0.041118421052631575
2 0.5938484030589294 0.24943066801619432 0.012651821862348187 0.03057523616734143
2 0.5808451417004049 0.3290317139001349 0.016166216824111537 0.035846828609986454
2 0.5899825686009896 0.3042552294197031 0.017571974808817004 0.013706140350877208
2 0.5485127080521817 0.2800059041835357 0.009137426900584836 0.03900978407557352
