1 0.2767785942128047 0.21900632262474362 0.044856459330143504 0.08757689678742307
2 0.28140664160401 0.28095095693779903 0.0299043062200957 0.03417634996582367
2 0.5160130439735703 0.30978725222146275 0.026344269765322424 0.0299043062200957
2 0.37717162223741163 0.6205784347231714 0.0064080656185919556 0.06835269993164725
2 0.26574248120300753 0.9324376281613124 0.01708817498291182 0.0598086124401914
2 0.06104038505354294 0.6787850307587149 0.019224196855775796 0.04592447026657559
2 0.08097658920027341 0.8699589883800409 0.009256094782410572 0.04806049213943939
2 0.5505453975848712 0.7914601845522897 0.022784233310549178 0.04699248120300749
2 0.6840467646388698 0.9356416609706083 0.01637616769195716 0.046992481203007676
2 0.5138770221007063 0.12395334928229663 0.010680109364319864 0.03204032809295969
2 0.2831866598313967 0.0502605946684894 0.019224196855775807 0.027768284347231716
2 0.2963587947140578 0.16346975393028024 0.014240145819093173 0.017088174982911812
2 0.5185691501480975 0.008698949077238552 0.014111984506721334 0.019042634996582364
