1 0.8004599567099567 0.8379186602870812 0.04414445203918878 0.090780929596719
2 0.7591635338345865 0.8485987696514011 0.025632262474367697 0.048060492139439574
2 0.8866128389154704 0.7348556049213943 0.012816131237183911 0.03204032809295969
2 0.9400133857370699 0.5463516746411482 0.019936204146730405 0.05019651401230347
2 0.8243122009569377 0.6050922761449077 0.0263442697653223 0.02029220779220786
2 0.29101874003189787 0.7321855775803143 0.01637616769195716 0.03524436090225566
2 0.32199105718842563 0.7946642173615857 0.019936204146730467 0.01708817498291188
2 0.38322368421052627 0.7530117908407382 0.012816131237183911 0.040584415584415626
2 0.0329160970608339 0.6985432330827066 0.027056277056277053 0.0299043062200957
2 0.022235987696514012 0.35838174982911825 0.028480291638186377 0.03951640464798359
2 0.19916979949874686 0.13516746411483255 0.0249202551834131 0.01602016404647982
2 0.26859051036682613 0.09671907040328091 0.01281613123718388 0.03310833902939167
2 0.3533193779904306 0.0999231032125769 0.014240145819093173 0.013884142173615858
2 0.1963217703349282 0.2579887218045112 0.017800182273866483 0.03951640464798359
2 0.7143070745044429 0.8646189336978809 0.017088174982911757 0.01815618591934378
2 0.6399023125996809 0.30658321941216676 0.014952153110047835 0.017088174982911836
2 0.5676335725677831 0.8186944634313055 0.011392116655274464 0.020292207792207768
2 0.44338830029619497 0.011812200956937798 0.023496240601503775 0.019224196855775803
