1 0.19774578491683756 0.8373846548188654 0.04770448849396218 0.09398496240601507
2 0.17389354066985643 0.6056262816131237 0.027056277056277053 0.01708817498291188
2 0.11408492822966505 0.7359236158578263 0.014240145819093188 0.0299043062200957
2 0.060328377762588294 0.5458176691729323 0.024920255183413075 0.05340054682159945
2 0.6455983709273182 0.09885509227614489 0.013528138528138636 0.018156185919343804
2 0.7299712349054454 0.09511705399863295 0.014240145819093235 0.034176349965823645
2 0.8001039530644793 0.13890550239234448 0.0249202551834131 0.017088174982911836
2 0.9781057758031442 0.35517771701982226 0.032040328092959716 0.03951640464798359
2 0.988785885167464 0.13142942583732056 0.009256094782410665 0.02563226247436773
2 0.9652896445659602 0.6996112440191388 0.027768284347231748 0.0299043062200957
2 0.8004599567099567 0.26065874914559123 0.018512189564821206 0.034176349965823624
2 0.3568794144452039 0.30765123034859876 0.015664160401002495 0.01495215311004785
2 0.24011021872863977 0.8496667805878332 0.022784233310549084 0.04592447026657559
2 0.284610674413306 0.8619489063568011 0.01637616769195719 0.019224196855775682
2 0.6146260537707906 0.75407980177717 0.015664160401002433 0.040584415584415626
2 0.7075430052403737 0.7332535885167464 0.012104123946229188 0.03310833902939168
2 0.6755026771474139 0.7968002392344496 0.020648211437685127 0.021360218728639854
