2 0.21803799270904534 0.34129357484620637 0.012816131237183849 0.04378844839371156
2 0.27820260879471403 0.5767899863294601 0.01637616769195716 0.03204032809295969
2 0.8154121098200044 0.8176264524948735 0.03132832080200499 0.030972317156527693
2 0.6196101048074732 0.6163063909774436 0.017088174982911757 0.04699248120300749
2 0.67336665527455 0.4897470950102529 0.020648211437685127 0.02883629528366371
2 0.728547220323536 0.08230092276144907 0.015664160401002433 0.03844839371155159
2 0.407787935748462 0.46091079972658916 0.01352813852813851 0.048060492139439574
2 0.4195360560492139 0.470522898154477 0.007120072909546618 0.04378844839371151
2 0.5021289017999544 0.4737269309637731 0.012816131237183849 0.03951640464798354
2 0.41668802688539525 0.3354195146958305 0.019936204146730405 0.0299043062200957
2 0.24972231715652768 0.2238123718386876 0.009256094782410572 0.02883629528366371
