2 0.6178127960903605 0.43481374592485705 0.011398365759309298 0.030997808775586565
1 0.6236972024136039 0.9578857356635133 0.041689522764673616 0.08093634760301426
2 0.405874432753204 0.9099353321575543 0.02065953793874804 0.04703115814226923
2 0.47640182088893007 0.2926513815402704 0.02920831225822995 0.024584469028913463
2 0.5832614998824543 0.10880230880230882 0.02635872081840269 0.020308909197798087
2 0.059292873884206856 0.34823365934477046 0.03134550583810045 0.04168670835337502
2 0.018329996936689207 0.3343380898936455 0.022084333658661692 0.03954892843781732
2 0.6270739682697993 0.7661696328362995 0.01709754863896395 0.030997808775586565
2 0.663762458057576 0.9580353802576024 0.017809946498920717 0.049168938057826926
2 0.5754251234229293 0.0628400406178184 0.01353555933917973 0.03099780877558654
2 0.5957284624316989 0.34876810432365984 0.02137193579870481 0.019240019240019213
2 0.7392766312129998 0.9575009352787129 0.016385150779007054 0.020308909197798063
2 0.49848615454759176 0.7923574368018813 0.014960355059093391 0.014964459408903811
2 0.04682591133496235 0.9425364758698093 0.012110763619266083 0.037411148522259664
