1 0.19632177033492823 0.15866370471633628 0.04628047391205286 0.08864490772385508
2 0.23868620414673045 0.15011961722488038 0.022784233310549084 0.043788448393711536
2 0.2849666780587833 0.13463345864661655 0.015664160401002526 0.017088174982911812
2 0.43164017999544313 0.17948991797676006 0.009968102073365265 0.023496240601503744
2 0.6146260537707906 0.24677460697197534 0.015664160401002433 0.03844839371155159
2 0.7078990088858509 0.26599880382775115 0.011392116655274589 0.03631237183868766
2 0.9645776372750057 0.2996411483253588 0.027768284347231748 0.03524436090225562
2 0.9773937685121894 0.6424726589200273 0.030616313511050392 0.037380382775119646
2 0.801883971291866 0.7364576213260423 0.018512189564821206 0.03524436090225566
2 0.8011719640009113 0.8619489063568011 0.02705627705627702 0.01708817498291188
2 0.7303272385509226 0.9030673274094326 0.014952153110047835 0.037380382775119646
2 0.9891418888129414 0.8678229665071769 0.011392116655274589 0.02883629528366371
2 0.6455983709273182 0.9003973000683526 0.01068010936431999 0.01495215311004771
2 0.17318153337890177 0.39202409432672586 0.027056277056277053 0.019224196855775776
2 0.05926036682615629 0.45236671223513325 0.021360218728639774 0.058740601503759406
2 0.11372892458418772 0.26279477101845516 0.013528138528138526 0.0299043062200957
2 0.6762146844383686 0.2035201640464798 0.020648211437685127 0.020292207792207813
