8 0.38322368421052627 0.21687030075187966 0.7646958304853041 0.4293403964456595
2 0.36827153110047844 0.77544002050581 0.03132832080200499 0.0299043062200957
2 0.5352372408293461 0.8320446001367053 0.017800182273866483 0.03631237183868775
2 0.3302687809266756 0.27315283400809715 0.028115159694107054 0.029520917678812427
2 0.40231387764282495 0.2536479419703104 0.02178924876293296 0.041118421052631575
2 0.40090811965811957 0.29476636302294196 0.0161662168241116 0.013706140350877208
2 0.43991790373369316 0.3638242240215924 0.029520917678812396 0.040064102564102574
2 0.5622188484030589 0.33324898785425094 0.009840305892937443 0.0358468286099865
2 0.6096631803868646 0.30425522941970307 0.01757197480881688 0.03057523616734143
2 0.5956056005398109 0.38543775303643724 0.011948942869995517 0.03690114709851556
2 0.6033372694556904 0.36066126855600533 0.017571974808817004 0.016869095816464223
2 0.44729813315339634 0.42919197031039125 0.01757197480881694 0.035846828609986454
2 0.5341036887089519 0.3733130904183536 0.029520917678812396 0.010543184885290146
