10 0.7850455465587043 0.37847925101214575 0.21423751686909578 0.22646761133603235
10 0.5463478407557355 0.5290359311740891 0.06747638326585696 0.10247975708502026
10 0.43796390013495273 0.4866523279352226 0.07506747638326584 0.06831983805668017
10 0.3531966936572199 0.5359944331983805 0.06578947368421052 0.07338056680161947
10 0.27222503373819157 0.5416877530364371 0.0725371120107962 0.08476720647773281
10 0.18492746288798917 0.5897646761133604 0.07338056680161945 0.0746457489878543
10 0.26885121457489874 0.6587171052631579 0.07591093117408909 0.07591093117408902
10 0.3276751574448943 0.6139612854251012 0.059477620332883466 0.07432945344129552
10 0.28578356950067474 0.7171790654520918 0.06566295546558708 0.06779267881241577
10 0.37729841430499317 0.655817729419703 0.06313259109311736 0.0842400472334682
10 0.43922908232118757 0.5884994939271254 0.059041835357624854 0.089827935222672
