10 0.21444838056680163 0.37288350561227723 0.20833333333333331 0.22829602384425138
10 0.4550368308591992 0.5300061301710106 0.07378823661718402 0.10370558268332385
10 0.5581562078272604 0.48639736191261335 0.07759784075573549 0.06975711839685461
10 0.5615300269905532 0.5872281057771577 0.06747638326585696 0.08878178705054214
10 0.6242900922177237 0.654194939438138 0.06510065227170495 0.0918257340351322
10 0.7150387989203777 0.717230008244023 0.075910931174089 0.07229374088401297
10 0.7307762595591543 0.6603251104487707 0.08039529914529914 0.07770520218995076
10 0.8162533738191632 0.5872281057771577 0.07422402159244257 0.07102542964043379
10 0.679255229419703 0.6084300420656562 0.07519399460188936 0.07791658739721398
10 0.6450320512820512 0.531422411059674 0.06747638326585696 0.06848880715327534
10 0.7260037112010795 0.5326907223032532 0.07253711201079613 0.0710254296404337
