2 0.315938995215311 0.06361073137388926 0.017800182273866483 0.05019651401230348
2 0.4458803258145363 0.20725820232399178 0.019936204146730467 0.04699248120300754
2 0.7335312713602187 0.06788277511961721 0.018512189564821206 0.056604579630895414
2 0.9200771815903394 0.12875939849624057 0.012816131237183788 0.043788448393711536
2 0.9382333675096831 0.32046736158578265 0.020648211437685127 0.04272043745727957
2 0.6224581339712919 0.384014012303486 0.009968102073365265 0.07582877648667125
2 0.48504072681704263 0.6910671565276828 0.02563226247436776 0.02563226247436773
2 0.48468472317156525 0.8785030758714969 0.00925609478241054 0.043788448393711606
1 0.7224951583504214 0.777576042378674 0.043432444748234184 0.08330485304169515
2 0.7175111073137388 0.9415157211209841 0.02349624060150365 0.03310833902939168
2 0.7178671109592162 0.7145633971291866 0.03132832080200499 0.0299043062200957
2 0.4802738380041012 0.9899606971975393 0.017522499430394176 0.016789131920710822
2 0.7029149578491682 0.8304425837320574 0.011392116655274464 0.018156185919343874
