1 0.2967147983595352 0.6131023581681476 0.03346434267486901 0.04912850307587147
3 0.36274635452267034 0.819612952836637 0.3962178172704488 0.35748462064251535
2 0.8118520733652311 0.4208603896103895 0.005696058327637294 0.02136021872863976
2 0.9097530758714969 0.481737012987013 0.007832080200501216 0.02136021872863976
2 0.8851888243335612 0.05773667122351333 0.018512189564821206 0.01495215311004785
2 0.580449703804967 0.04705656185919343 0.015664160401002433 0.017088174982911822
2 0.4861087377534746 0.01661825017088175 0.010680109364319927 0.013884142173615858
2 0.949981487810435 0.5639738550922762 0.011392116655274589 0.012816131237183817
2 0.9709857028935975 0.9142814422419684 0.01495215311004796 0.014952153110047897
2 0.6516504329004329 0.5773239917976759 0.00854408749145594 0.011748120300751919
2 0.601097915242652 0.12929340396445657 0.005696058327637294 0.012816131237183864
2 0.06704059829059827 0.9009994939271255 0.018977732793522273 0.017923414304993276
